0.509263 0.895780 -0.567579 -0.506603 4.867785
-0.625163 -0.793864 0.116635 0.348856 -59.024567
-0.069982 1.426375 0.372431 0.317653 173.986266
-0.967510 0.159874 -0.722428 -0.112619 -48.755480
0.105014 1.461720 0.575163 -0.001818 267.799573
1.019783 -0.747641 -1.628600 -0.059209 -95.045379
0.216450 -0.055231 1.220125 -0.270924 109.810429
0.650933 -0.107172 0.914550 -1.387313 67.970106
1.086586 -0.313254 -1.089322 -0.166324 -89.052173
1.276760 1.475906 -0.382281 0.604993 196.295604
-0.978845 0.584106 -0.266944 1.039865 24.148425
1.830620 0.711394 1.607545 -1.764022 178.608956
0.430319 1.107914 -0.015452 -0.300969 117.439620
0.902042 -0.762826 0.160079 -0.654551 -49.366922
-0.852218 0.466789 1.010777 1.618329 101.764076
0.475235 0.013936 -0.254180 0.572536 39.623820
-1.303080 -0.452438 1.198508 0.426394 -16.869024
-0.019846 1.065133 -0.402058 2.802765 97.070976
0.459738 -1.535499 0.606664 1.149670 -86.052590
0.907418 -0.877548 -0.057870 -1.008169 -43.865476
-0.841340 0.228082 -0.854188 0.579044 -12.479350
0.602861 -1.008519 -0.193037 0.972211 18.723418
-0.090709 0.369016 0.966982 0.718824 67.426079
-1.325162 1.739749 -0.494648 -0.130023 181.621433
0.469690 -0.228552 -0.214349 -1.230469 -19.895123
0.105863 0.854107 0.056049 -1.590005 84.977711
-0.598877 0.432876 -0.383823 -0.657584 29.609310
-0.143332 -1.779192 -0.169324 -1.477156 -156.961285
-0.096547 -0.490677 -1.083463 -2.186828 -169.563833
-0.018630 -0.593764 -0.212202 0.083967 -65.937488
-0.762695 -1.795197 -0.416224 -0.658702 -157.025457
1.226224 -0.288365 0.490461 -0.061901 43.977038
-1.309883 -0.213115 -1.766325 0.760825 -159.523444
0.405131 0.686958 0.943450 0.114687 159.583391
0.151730 0.517222 -1.382194 -0.884222 23.709443
0.237322 3.549667 0.832078 -0.897697 329.760306
-0.615781 -1.927497 -1.456864 -0.261992 -279.672598
-2.039362 -0.285049 -0.790505 -0.312826 -168.067236
-0.027101 0.930497 -1.692628 0.245555 -30.967169
1.956187 -0.394305 0.502229 0.949789 32.901622
1.281549 -0.238679 0.064788 0.738050 67.626094
1.091525 1.184789 -0.434428 1.480314 208.033773
2.770999 1.139313 -0.694943 -1.149080 197.225649
0.836745 0.753954 0.095506 1.227625 182.515340
-0.292842 0.195883 0.926871 -0.025731 53.518002
0.289022 -0.524806 -2.033370 -2.481601 -140.962056
-0.173618 -0.451277 1.448138 -1.351714 2.817963
-0.732314 0.811740 0.156463 -1.641534 38.014282
0.195214 1.205528 -1.647532 0.398778 52.789346
0.366548 0.379494 -1.815484 -0.375190 -100.197131
-1.371738 -0.182779 -1.431459 -0.796837 -136.467349
1.951034 -0.325319 -0.962641 0.453020 2.026665
0.276044 -0.033877 1.454775 -1.220221 218.483630
1.235639 0.168719 -2.019944 -1.515027 -36.549375
0.129805 0.741042 0.754808 -0.860883 138.932207
0.947883 -1.327845 -2.104696 0.695855 -155.397632
-0.653393 -1.035390 -1.069149 0.415997 -114.993063
-0.511883 0.371126 1.893661 -0.924634 146.406139
-1.280600 1.071718 0.260179 1.333203 97.445407
0.558353 -0.190527 0.175643 -0.751513 50.369912
0.645329 0.755134 1.677518 1.369831 257.358432
1.432157 0.923235 -0.523915 1.622604 103.878417
0.752990 2.541343 1.306515 0.887068 390.227680
1.848971 -0.051593 -0.057717 0.648062 149.222152
1.033669 -0.908753 0.491504 -0.666088 -24.044100
-0.326201 1.302556 0.144483 -0.819437 12.087076
-0.070970 1.087609 0.766503 1.238390 217.245836
-2.215875 -0.030648 -0.266367 -0.933450 -151.765972
-0.202615 0.841868 -0.098598 0.665913 125.496699
-0.230679 -0.798873 0.334956 0.070687 -1.160501
0.027403 -0.823977 1.274437 -1.244053 13.674428
0.665568 0.558759 -0.054547 0.565116 111.382547
-0.726133 1.501364 0.695920 3.102026 230.616173
-0.026637 0.846317 -0.365353 0.251237 26.153052
-1.635865 0.710477 0.123367 -1.370509 36.516241
-1.081242 -0.401317 -0.322926 0.506956 -90.075611
-0.042982 -0.110351 0.341091 0.760510 13.478410
0.863182 2.110155 -0.589603 -0.643596 254.631611
-0.503409 0.467604 -1.574770 -0.183128 -101.792592
1.817567 -0.221846 -0.683542 -1.695765 -36.833394
0.110315 -2.079394 -0.061680 -0.310902 -170.578669
-0.250487 0.592127 -0.621117 -0.429509 57.991428
-1.061955 0.571975 -0.306755 -0.179501 15.811925
-0.846320 1.868407 -0.422131 -0.280745 123.335017
-0.538837 -0.498934 0.414425 0.483816 -107.189423
-1.300995 0.157418 0.699863 -0.021598 81.855198
0.672277 -0.246557 0.570099 2.584207 73.504756
-0.035728 1.260093 -1.652218 0.025320 27.729252
0.009346 -0.207937 -1.103860 -0.188462 -93.861125
-0.678671 0.486751 -0.379080 -0.720445 -38.673836
1.205394 -1.547232 0.231978 0.359637 -87.557206
-1.557817 -2.293225 0.367901 -0.313602 -248.043821
-0.116165 2.167008 -0.433756 0.225991 166.062122
-1.341688 1.031536 0.259370 -1.996024 86.691634
-0.161746 -0.642700 2.354685 -0.391668 102.997047
1.221409 0.111448 0.114041 -0.804993 18.229850
-0.562137 0.538948 -0.640143 -0.433729 6.963923
1.021622 -1.487375 0.670638 -0.469483 -74.834083
0.473617 -1.147823 -0.921332 0.608103 -81.682671
-2.037500 0.627144 -1.193900 0.257474 -69.282070
-0.445633 -1.029621 -0.702601 -1.471520 -158.066040
-1.610261 -0.939534 -0.426930 -0.779788 -168.294811
0.992864 0.773669 -0.738949 -0.034910 69.006525
-1.065876 -1.036020 0.738593 -0.074502 -132.404892
0.710388 0.504301 -1.366659 0.282206 40.847763
-0.486988 -0.129457 -0.747643 -0.997462 -103.153553
-0.760202 -0.622077 0.170374 -0.297873 25.495420
-2.703565 0.147098 -1.944412 0.576134 -182.106371
0.128227 0.556795 0.331230 0.809064 87.566711
-1.274091 -0.511723 -1.754528 -0.016965 -166.344533
-1.400450 1.482093 -0.516961 -0.314066 94.325029
1.803321 -0.423238 -1.187575 0.968524 60.510219
-1.051253 -1.893722 0.303430 -2.246461 -161.974698
1.416983 -0.766169 0.709365 0.476603 128.159929
-0.041326 2.050448 -0.445789 0.660474 224.677874
1.027929 -0.880552 0.409360 0.222931 -5.875876
0.414737 -0.850819 -1.270375 -0.003404 -72.373752
1.935604 -1.022401 -0.861992 -1.479383 -78.781860
1.280592 -0.584389 -0.465799 1.512642 -3.304892
-0.766353 -1.724757 -1.253041 -0.708826 -239.823841
-1.120865 0.145028 1.318868 -0.574835 81.855318
0.692799 -0.219848 -0.348006 -1.152091 82.902480
-0.409607 -0.606493 1.276965 -0.561541 83.678907
-0.866731 1.190475 1.310536 -0.045698 152.159985
0.089040 -0.195195 -0.556458 0.701824 -4.315521
-0.844468 -1.352411 -0.043979 -2.189658 -168.983091
1.295941 1.612098 0.780527 0.272348 207.717445
1.434120 -0.351932 0.075632 -0.818406 33.169210
1.860665 -0.780192 -0.673086 0.058399 -2.863893
0.115594 0.688206 1.333170 -0.426699 143.997068
1.308359 1.095085 -0.401441 0.131641 131.424142
1.400674 0.707207 -1.581937 1.886002 63.946845
-1.055631 0.815252 -0.307476 1.219784 86.772529
-1.102742 -0.537107 0.037122 1.201005 -41.299163
-1.553098 2.061583 -0.029827 -0.845029 82.043406
-0.757992 0.479615 0.391930 0.468981 24.106140
0.280644 1.293875 -1.878055 0.601435 26.156580
-2.290344 -1.608488 0.695297 -0.141647 -207.245770
0.585222 -0.306307 0.124435 1.310398 12.565775
-0.973971 0.261063 -1.214853 -1.309660 -85.866946
0.504874 0.717869 -1.767266 -0.230494 18.594996
2.073251 0.531088 0.765876 -0.540039 249.239814
-1.207822 -1.163855 -2.122671 -0.960413 -276.307361
-0.214219 -0.880900 0.931065 0.143810 -33.192951
-1.215310 -0.954416 -0.330389 1.666408 -76.298966
-1.619575 0.673826 -0.933728 1.595766 4.049037
0.791379 -0.098531 0.935095 0.003265 60.257953
0.976888 0.797147 -0.064540 -1.316980 56.103060
-0.384398 0.049357 -1.783901 -0.229736 -107.195283
-0.321763 0.251101 0.869310 0.944180 97.099701
-0.850630 -1.664872 -0.624951 1.017328 -197.972930
0.615344 -0.519456 0.447263 -0.763338 42.800769
-1.527132 0.008502 -0.370786 0.549287 -5.872373
-0.052218 -0.060478 -0.822030 -0.589548 -99.255077
-0.796461 1.038883 0.552765 -0.238974 94.075841
-1.369327 -0.493110 0.768519 -0.969395 -65.990659
-1.006908 -0.576017 -0.107540 -0.338353 -68.447788
-0.101385 1.752617 -1.322616 0.072856 104.535855
-1.144927 0.739827 0.699306 -1.220176 84.980429
0.600371 1.589859 1.447636 0.189618 329.498139
0.916953 1.142102 0.804617 -2.564063 148.435305
0.090369 -1.333813 1.192104 1.258766 -7.425344
2.193787 0.734109 1.603406 -0.056482 253.653889
0.190244 0.193213 -0.087072 0.221232 -2.663784
-0.945031 1.029793 -0.895058 0.467274 44.346871
-0.269535 0.981294 1.613765 2.228662 161.453963
-1.340974 0.796728 0.922393 -0.849646 167.127586
1.368644 1.048094 1.648999 -0.549458 232.816419
-0.106499 0.693720 0.939413 0.450725 151.703007
1.166994 0.199327 0.056704 0.722185 113.123615
1.228672 0.120420 -0.623809 0.672074 39.562502
0.718540 -0.606634 0.582928 0.573123 12.735065
1.320558 0.681638 0.225481 0.945950 130.602389
0.708598 -0.744217 2.331005 1.677832 160.981071
-1.016928 -1.625772 0.906308 -0.981353 -162.559881
-1.279128 -0.503271 1.126558 -0.296765 -19.717145
-0.152576 -0.272553 -0.573216 -0.048462 -95.053348
-0.170757 -0.473868 0.660017 0.887688 -50.258988
-1.664556 -0.568675 0.995047 -1.043294 -59.531512
-0.631233 -0.294562 1.545540 1.172096 70.671393
-1.997687 1.233787 0.295235 -0.736596 119.378578
0.820044 0.219489 0.258929 0.939081 17.042015
-1.013259 -0.214002 0.780434 -1.036152 -2.394086
0.115862 -0.588538 0.935367 -0.414346 41.573155
-1.148837 -0.607674 -1.472872 0.308680 -174.665267
-2.762126 -0.752630 -0.083184 0.602103 -197.391731
-0.064639 -0.738582 -0.451019 1.312201 -47.779018
-0.320294 0.981048 0.760943 -0.175392 163.535390
-0.644429 -0.493883 1.156991 -0.387028 -67.905869
-0.167388 0.556282 0.428578 0.486705 61.503469
0.665697 0.549932 0.688842 -0.440626 152.208553
1.880100 0.770318 -0.030699 -0.910885 238.822611
-1.499755 2.482031 -0.183025 -0.002256 157.973300
2.895160 -0.516334 0.009609 0.506409 94.474470
-0.611148 2.243193 -1.093205 -0.042854 66.772528
-1.904063 0.865702 -0.955185 -1.733075 -10.921152
0.360425 -0.549669 -1.324833 -0.465488 -55.441391
1.995131 -0.030399 1.648538 0.670944 172.073989
0.161917 1.416844 -0.103046 -0.457859 201.554469
0.318244 -0.430279 1.120757 -1.569388 15.166745
-0.049735 -1.008911 -0.772776 -0.032872 -24.474717
-0.065748 -2.175834 -0.319229 -0.182390 -131.262055
-0.481829 1.200297 0.505344 -1.124164 77.072432
0.042843 -0.660492 -0.135999 0.318005 -45.936046
-0.506965 0.239401 0.887169 -2.510663 7.691014
0.477885 -0.967582 -0.852716 -0.311621 -64.310703
0.977402 -0.490049 -0.941884 -1.066552 5.954643
0.476350 0.012664 -1.712784 -0.124345 24.612904
0.312849 0.510664 -0.218909 0.385365 108.056202
0.641977 0.378955 0.052368 -1.826128 116.469465
-1.134203 -0.180337 -0.959639 1.361415 -65.038435
-0.685891 0.325901 -0.839102 -0.688176 34.751642
-1.135824 1.108161 1.426247 -0.894801 141.300443
-0.210226 0.399453 0.505341 -0.440107 172.526233
0.860550 -1.502795 -0.856450 1.324332 -144.617578
-1.499760 -0.397083 -0.225125 2.482929 -50.404014
0.066531 -0.470683 -0.155566 1.088382 90.144467
-0.592454 -1.434876 -0.474365 1.010199 -120.574472
0.997898 -0.020218 0.252505 0.444204 63.700450
-1.220905 1.626819 1.744725 -0.738586 346.044939
-1.058465 0.244623 -0.996209 0.536397 -15.319299
-1.350668 -0.930688 -0.409372 -0.674562 -222.680783
-1.063902 2.162073 -0.236352 1.058146 191.864906
-0.742520 -0.664088 -1.136649 1.169271 -78.212090
-0.571797 0.394059 0.452547 -0.084141 48.853123
1.187228 -0.733669 -0.292113 -0.911096 31.951104
-0.813135 -0.778260 -0.603065 -0.608097 -101.306975
-0.147198 0.136390 -0.428433 1.506379 51.781920
1.595362 -0.160619 -0.395767 -1.265167 45.655059
-0.314560 -0.610229 1.268466 0.900330 109.661942
-1.785563 -0.819675 -1.900267 1.597306 -175.021214
-0.860203 -2.666702 -0.194429 0.700224 -216.406619
-0.989791 -0.632342 -0.228176 -1.367182 -106.482364
-0.209317 -0.749617 0.151490 1.094456 -74.169071
-0.310587 0.047987 1.141396 -0.073430 123.825851
0.562452 -0.238583 1.351163 -2.056529 -28.850512
-0.032205 0.963450 -2.241232 0.349255 0.038279
0.466076 0.428458 1.230216 1.418012 153.023199
0.376241 -0.931284 1.868018 -0.438658 59.218977
-1.805636 -0.516196 -1.582201 2.446593 -111.138457
-1.351885 -2.566571 1.067055 0.252607 -156.619736
-0.471774 -0.278427 1.471169 -0.087574 8.614201
-0.328769 -0.007695 0.746685 -0.354979 -25.952445
1.642269 -0.151409 1.016527 -0.557766 190.879302
-0.048742 -0.227146 0.639001 -2.046571 77.033087
0.338728 0.362585 0.217153 0.712465 27.476309
0.576245 -0.329810 -0.688282 -0.551450 35.584420
0.963983 0.585846 -2.407145 0.371830 -43.864608
-0.042960 -2.195565 -1.430369 -1.206178 -243.017099
-1.576097 0.890223 0.550574 -0.294845 44.519181
-3.096162 -0.414290 -1.011255 -0.134615 -209.321675
-1.539373 -3.014160 0.499892 0.384469 -230.656227
0.991575 -1.803610 -2.005484 -0.159295 -201.313765
1.024919 0.344565 -1.321321 -0.065972 18.203762
1.032901 -0.290107 0.422444 0.614674 78.587637
-0.384359 -0.272935 0.955358 -1.425418 21.992798
-1.178164 -1.078499 0.455864 0.241885 -81.434475
-1.722036 0.002511 0.349258 -2.355442 -103.570362
-0.939394 0.798709 3.442621 0.140724 250.774090
0.344950 0.757096 1.432162 1.231137 185.105674
-0.710952 -1.590343 -0.208052 1.707031 -96.430379
-0.116873 -0.331132 -0.605711 -0.650493 -111.343262
0.333628 -0.183048 0.853203 1.090589 69.158015
-0.994719 0.251697 2.130224 1.237058 135.722025
0.271411 -1.314496 0.232330 -0.875572 -73.170689
-0.269501 0.759125 0.060336 -0.595460 63.828951
0.947473 -0.318415 0.134833 0.396047 17.736766
-0.335562 1.166584 0.685857 0.654769 141.626436
-0.961441 0.281896 2.070060 -1.533120 108.848838
0.068149 0.822694 0.148314 -0.231700 99.468536
-0.036891 -0.092164 -0.965251 0.275096 -81.101816
-0.444710 -0.583770 0.196671 -0.895128 -48.323535
0.450803 -1.284705 0.427578 -0.137061 -88.040480
0.210465 -0.362925 -0.463810 -0.871432 2.520085
1.225333 0.722838 0.111180 1.606626 191.586799
0.190949 1.007577 0.741070 -0.565861 172.367920
-0.019952 -1.239594 0.138386 -1.073326 -93.137189
-0.982354 0.876658 -1.675471 0.791510 15.333153
-0.993249 0.937114 -1.658163 1.180794 -48.600835
-0.830758 0.114499 -1.077884 -0.037348 -91.828677
-2.225112 -0.126949 -0.044777 0.176133 -131.209471
-0.270557 -0.655704 -1.411976 -0.146883 -130.158206
0.175370 -1.040994 1.020964 -1.206784 -68.004442
0.954980 -0.236461 -0.664250 -1.676985 -73.402613
0.725269 0.254513 -0.651778 0.908143 16.152686
0.957410 0.253418 -0.970852 -2.291969 31.802502
-0.130266 -0.726213 0.834387 0.935942 63.157156
-0.796007 0.469023 0.005587 -0.468463 26.872016
1.864514 0.474143 -0.350163 -0.910212 46.443266
0.487642 0.445673 -0.631594 0.355807 25.238803
0.161885 0.751335 0.322046 -2.903981 79.788892
-0.409477 0.343067 1.269060 2.059712 188.098756
-0.899314 -0.995110 0.109474 1.783304 -58.768157
0.819216 -1.094588 -1.901101 -1.282244 -136.610233
-0.576778 -0.211892 -0.962392 0.321802 -80.730667
1.450292 0.051422 1.515058 -1.352718 193.883053
-0.574143 1.201898 0.750139 0.629352 141.930221
2.656754 -0.790503 -1.068964 0.752529 34.017172
0.134523 1.681406 0.513449 -0.078406 211.906531
0.069149 -2.667196 -0.729373 -0.289657 -296.726466
-0.004562 -0.591959 0.271800 -0.907812 -25.246858
-0.775442 0.022892 1.173526 -0.873951 81.217305
-0.655953 -1.602281 0.227868 -0.720312 -182.851774
-1.283950 1.176971 0.133365 -0.248156 12.041504
-1.119399 -0.171525 1.507701 -1.289407 11.914086
0.666871 -1.618610 -0.206718 -0.139861 -85.530449
0.785469 1.318039 0.472825 0.086608 178.400790
-0.524104 -0.931337 -1.138928 -0.581924 -197.577282
0.495419 0.293799 -1.039275 -0.389179 11.150835
-0.092064 1.422905 -0.199041 -1.657725 129.885828
0.144951 -1.480205 -2.049413 -0.960652 -197.966082
0.924660 0.049192 -0.927989 1.526551 35.532630
-0.517189 1.174203 0.187542 -0.925556 142.742470
-0.438818 0.682951 0.013825 0.113034 124.162181
-0.081119 -0.174074 0.146729 -1.551856 29.796139
-1.515785 -2.232788 -0.411973 -0.426916 -224.488334
-0.937771 -0.709462 -1.286001 0.367520 -132.038024
-0.301915 2.248090 -0.474397 -1.654263 181.124284
-1.731091 -0.648762 0.368866 -1.172808 -50.234241
1.514260 -0.487774 -0.020793 0.853685 123.455851
-0.297142 -0.466618 0.756111 0.139133 37.582662
-0.105894 0.978784 1.498467 -1.169660 227.953421
0.214591 -0.974533 0.028433 -1.918235 -95.516433
1.197025 -0.348512 0.443261 -0.260745 0.441717
1.356933 0.110918 -0.263853 -0.023160 47.469902
-1.838818 1.342666 0.142800 1.079877 134.439167
0.675514 -1.580632 -0.186605 -0.810477 -90.410766
-0.092062 0.145600 -0.501900 1.268697 -3.975628
-0.188205 -2.011725 -0.121114 1.316621 -121.601830
-0.158235 -0.014233 0.226073 -0.686830 38.016409
2.263290 -0.799589 1.349503 0.113669 141.417173
1.584171 0.965964 1.621438 1.140353 310.075179
-1.852360 -0.373225 -1.747857 -0.651542 -244.308757
-0.124487 0.797663 0.904933 0.015970 144.824951
-1.099959 0.725267 -1.908278 -0.495965 -45.461602
-0.705960 1.158867 0.234337 -0.267735 83.561819
0.739068 -0.604191 0.857471 -1.841970 19.338306
-0.595237 0.933435 2.410094 -0.534465 299.899596
-1.367694 -0.529086 -1.061023 0.978129 -115.253692
0.340565 1.012708 -1.582778 -0.228477 28.192959
0.261507 1.235591 -0.817062 -1.260973 42.170745
-0.863471 0.576947 -1.112491 -0.675948 -38.313575
-0.223522 -0.614616 -0.873818 -0.377792 -73.952423
2.003698 0.580646 -1.313913 0.465814 77.788412
-0.807751 -0.590806 -0.342261 0.060464 -52.800305
0.102972 0.292853 -0.250905 -1.014027 93.422063
-0.742635 -0.007724 -1.006679 0.127503 -46.674018
-2.427036 0.087853 0.058239 1.185430 -46.824830
-0.157474 -0.800539 -0.656624 0.868589 -132.077664
-0.327920 1.497810 -0.236866 1.104139 192.530059
0.989287 0.772362 0.219106 -0.159375 181.997754
-1.244953 -0.083413 -1.059718 0.137159 -66.813634
-0.519063 -1.158823 1.029024 -1.193319 -61.366428
0.144600 0.769024 2.303942 -0.535453 187.957266
-0.368543 -0.593183 -0.371548 0.891940 -114.136071
-0.504088 -1.211936 -0.557986 -2.138746 -180.107487
1.246239 -0.530376 0.656502 1.216485 155.843080
1.131775 0.687639 0.309897 -0.993531 133.374274
0.813295 1.902755 2.159274 0.668847 331.130367
-0.767968 -1.916207 0.284129 0.200715 -218.257583
0.491808 -1.289651 -0.084966 0.536248 -81.804237
-1.108002 0.244099 0.054207 -0.625249 9.659848
1.176779 -0.606020 -0.907932 0.905568 -97.182169
-1.187347 -0.223988 -0.176089 -0.876075 -49.113353
2.552912 0.151341 -0.005145 -0.067646 171.005873
-0.430738 -1.279952 -1.212361 -0.858094 -194.246720
-0.108046 -0.463645 -0.509119 0.410633 -44.157607
0.279636 -0.743771 2.395199 -0.067474 118.215651
-1.538401 -0.224051 1.184334 -0.934659 34.721449
1.303091 -0.544478 -2.025468 0.627871 -55.728501
-0.404129 -0.270640 -0.418594 -1.672846 -72.119108
-0.120079 0.321699 -0.511849 -1.410320 34.419854
0.889645 -0.798613 -0.270719 1.080365 -21.561432
0.098741 -1.167013 1.469642 0.105025 -29.506438
-0.877462 -1.565533 -1.787176 -0.884206 -303.782084
0.260716 -1.100737 -0.112075 -0.070094 -154.386835
1.494456 -0.133919 0.598336 1.401197 61.110042
-2.195079 0.568459 -0.252432 -0.291373 10.440887
0.086633 0.015225 0.538009 -0.424417 42.322128
-0.325272 0.407506 -2.151360 2.129262 -20.696969
-0.924577 -0.427039 -1.690794 -0.360938 -143.668469
-0.589660 0.859430 0.000559 1.736825 120.383586
1.830590 -0.706110 0.259631 0.205041 69.579397
-1.159846 1.834394 -0.698280 -0.410054 38.030755
-0.243426 -0.462486 0.546338 -0.902032 -1.838225
0.493921 -0.308898 0.413521 -1.449624 -4.385076
0.700479 0.299513 0.072857 0.366741 80.492106
0.137644 -0.701756 0.262934 0.413140 -81.435517
0.821012 -0.892413 0.782336 -0.633462 -11.468861
-0.174552 -0.532704 -0.249282 0.891746 -29.395832
-0.119590 -0.525683 0.426975 0.284028 47.245097
-1.034962 -0.724968 -0.653131 0.172622 -111.504611
0.519165 0.842248 0.523845 -0.338977 155.573118
0.696426 -0.795633 -0.253639 -0.416162 -79.252364
1.313393 -0.140989 -0.010323 -1.091129 18.144642
-1.561350 -1.119179 -0.013498 -0.316008 -183.713232
-0.021695 0.973907 0.129509 1.095108 97.079295
0.349906 1.430785 0.900270 1.665193 218.868127
-0.162755 -0.423796 -0.730912 -1.895660 9.124983
0.955234 0.530835 0.134166 -0.652331 69.046532
-0.486605 -0.196277 0.508554 1.724349 92.883994
-0.000298 -0.864812 1.113541 -0.636907 1.972329
-0.426856 0.290762 -1.615768 0.627836 -112.666119
-1.010802 -0.879645 -0.111808 -0.004893 -36.719836
-0.193162 -1.339352 -0.037607 1.234658 -105.214556
1.208940 1.083032 -0.434166 -1.427327 192.215898
-1.775667 -2.063269 2.437502 -0.642882 -81.769326
1.007654 -0.481628 1.890485 0.115764 117.934474
0.836488 -0.605192 1.376296 0.166153 100.127819
-1.808063 0.271250 1.091848 0.475529 15.758467
-1.179845 -0.968190 0.668083 1.497548 -96.217299
0.001812 0.277256 0.744737 0.063695 104.705305
0.206978 1.084516 -0.573687 0.834444 74.762226
-0.662514 0.048388 0.563088 -0.194944 -6.211694
0.854271 0.199476 1.623698 -0.174567 174.455494
-1.546873 -1.008601 -0.121507 0.025244 -159.237039
1.278410 -0.931026 -0.189683 1.110986 -18.029717
-1.618646 0.438934 -0.206668 -0.423723 -43.285689
0.513662 -0.616953 0.236004 -0.138463 64.307150
0.327044 -0.008384 1.799873 0.739664 109.056661
-0.047563 -0.179006 1.085310 0.667148 77.625537
0.407427 -1.099732 0.931689 -0.586306 40.331783
1.149773 -0.291633 -0.285689 0.453672 56.144605
0.897185 -0.318675 -0.938282 0.879244 -70.110213
1.775059 0.806477 0.334106 0.696546 153.288332
0.326130 0.232193 0.023234 0.982159 51.447713
0.414172 0.130761 2.642569 0.913269 271.695464
0.568223 0.198956 -1.333092 0.114805 6.547410
0.041075 -0.177288 0.933772 -0.351271 34.918942
-0.991457 -0.779416 0.048111 0.698609 -28.514041
0.939429 0.317976 -0.514694 -0.181943 65.846422
0.498601 1.027438 -1.935320 -0.091200 -107.938576
-1.575773 -0.062557 0.176532 -0.959112 -55.771331
-0.660425 -0.581866 1.847148 0.406772 22.566326
-1.348784 -0.613510 0.767671 0.823280 3.695567
0.093829 0.757532 -0.100129 0.164934 80.900588
-1.610121 -1.419105 -0.868442 -0.427571 -174.969070
-0.539407 -1.131166 0.756306 -1.036037 -41.937432
-0.444166 0.153058 -0.527523 -0.007546 52.541442
-0.036219 0.566284 -0.238738 0.391579 3.520219
-0.526912 0.021542 0.879603 1.643634 105.867473
0.771319 -2.501535 1.294475 0.453919 -23.921135
0.406361 0.840629 0.183685 -0.336497 84.167382
1.763492 1.129303 -0.249296 -1.340258 203.214791
0.026121 -1.085129 1.154839 -1.067574 -72.922454
-0.074435 -0.317818 -0.031705 -0.971204 10.133380
-1.779412 -0.713468 0.413934 0.282206 -77.646001
0.431071 1.008725 -1.141080 0.951489 116.508595
0.837927 0.329232 -0.627204 1.004986 57.750395
0.769241 0.977198 -0.188635 1.344461 214.460561
1.095738 0.198243 1.610777 -1.210457 231.542185
0.794380 2.173816 0.900202 1.177060 336.843214
-1.049538 1.017181 -0.359007 0.081006 49.572818
-0.062258 -0.042245 -2.135335 -1.178368 -130.718273
0.480094 1.123684 0.200264 0.534572 122.201963
-1.075047 -0.944055 0.111462 1.373242 -44.093990
-1.289889 0.002365 0.346289 0.766694 -7.563900
-0.474529 -1.676981 -0.069515 -0.328487 -158.507125
-1.122019 -1.528196 1.622311 0.382805 -71.402925
1.145807 -0.109607 -0.015548 -0.098186 76.438046
-1.195279 -0.029108 0.311202 -1.006368 -54.861297
0.759613 -1.059925 -0.417230 0.554175 -76.854378
0.358242 -0.380457 -0.552571 0.537400 -22.348643
0.085971 2.057057 -0.430084 0.992029 140.032569
-0.131723 -0.248569 0.765569 -0.734201 71.004494
0.302478 -0.032102 -0.376678 -0.728570 30.278199
-0.391647 -0.828407 -0.954707 -0.891965 -67.117544
-1.913720 -0.109594 -0.550869 -0.469481 -60.071761
0.158825 2.007385 -0.274853 -0.516084 222.214721
1.025249 -1.109761 0.222708 -0.456074 3.563670
-1.613791 -0.929010 1.072306 -0.846955 -95.014868
0.557627 -0.314366 0.601639 -1.044172 20.536003
0.417682 0.135720 0.291190 1.147042 0.842836
0.556877 0.515227 -1.063795 -0.986215 62.436497
-1.769535 0.641609 0.585349 1.160286 58.786898
-0.071511 -0.351285 0.909443 -1.286209 33.496470
-1.618490 0.953572 1.601650 0.278177 39.872247
-0.060421 1.256708 1.150659 0.754610 154.391805
-0.508961 0.471796 1.356739 0.130883 34.793370
-0.045902 -0.207844 1.338067 0.446141 76.820591
-0.279146 0.698536 0.228435 2.993634 146.870105
-1.930399 1.628752 -0.159106 2.169523 70.230456
-2.334041 0.928028 0.465992 -0.577983 -13.059742
-0.399289 -0.270942 -0.826204 1.330982 -43.455483
0.777678 -0.569080 0.713473 -2.912227 2.081254
0.134355 -1.454231 -0.652803 -0.141187 -192.443739
0.908039 1.567011 -0.572542 -0.253901 76.097548
1.000790 0.064876 0.089575 -0.002841 73.898700
-0.447196 -0.471373 0.290159 0.517166 2.376689
-1.585836 0.070693 0.040173 0.491500 -49.905763
-0.648495 0.253071 -0.840580 -1.291136 -58.912099
-1.466151 0.900863 0.252597 -0.562227 51.687256
0.596252 -0.077236 0.581914 -1.487595 -0.674338
-0.306033 1.556037 -0.628451 0.698376 123.497160
-0.137603 -0.066050 -0.213978 0.327591 20.567153
-0.802113 1.253237 -0.502559 0.135321 63.808973
1.544344 0.225462 1.498986 1.408769 158.677452
0.532193 -0.739972 1.531419 0.810140 125.589610
0.124817 -0.116449 -1.665901 0.565407 -99.918706
-0.147969 -0.315814 -0.713719 -1.360618 -89.564040
-1.074696 -0.330954 -0.744142 0.477370 -103.719843
0.214464 -0.066835 -1.124632 1.843799 40.726489
1.196417 -0.563573 -0.433053 1.314511 16.402381
1.923945 -0.623554 0.603426 -0.889773 105.142014
0.188368 -0.625237 0.421804 0.035430 -63.170705
0.378361 -0.237833 -0.113362 0.086090 93.277663
0.706114 1.038194 0.697163 0.118404 207.168393
-0.772648 -1.572632 -1.310711 0.417245 -164.903289
-0.215780 1.026021 0.063875 0.657090 171.234433
1.357960 -1.169336 1.189386 -1.679186 -20.993723
0.225263 -1.275441 -0.020528 0.196826 -40.590447
-1.350189 -0.077533 0.753896 -0.133174 66.157262
-0.556740 1.291674 0.569834 0.143850 106.727679
-0.637658 -1.402244 0.202174 -0.080537 -111.464740
-0.069469 -1.131248 0.719736 -0.272929 -42.612641
-0.349789 -0.867202 -0.258615 1.077691 -62.502127
-0.441147 1.305492 1.645491 0.811210 144.329101
-1.589245 -0.314061 0.293053 0.508008 -10.149877
-0.206429 0.248069 1.065171 -1.243208 55.073679
0.057240 0.264441 -0.348883 -1.429916 28.664592
0.456643 -2.247024 0.239403 -0.983407 -131.813672
-0.098169 0.002712 -0.203134 -1.597575 -30.969987
-1.012420 0.175645 -0.103918 2.807974 -18.085051
0.401116 0.338531 0.313649 -1.471122 62.927161
-0.438494 -0.830843 -0.745201 0.278378 -136.589522
-1.248453 -0.190772 -0.245579 -0.411493 -108.370333
0.303680 -1.440448 -0.738853 -0.088061 -187.312122
-0.246920 -0.739242 -0.190879 1.953917 -53.803684
-0.119654 2.154788 0.652686 -0.156170 224.315040
0.893393 -0.793564 0.468748 -0.698863 67.175329
0.216534 -0.403975 0.056113 -0.285242 48.641850
-0.367765 -0.671121 -0.035242 -0.067739 -54.919102
0.622658 1.637341 1.648627 0.344537 237.393390
-0.921950 0.280429 -0.892186 -0.999427 -74.682486
-1.378875 0.303923 0.559679 -0.238567 10.684253
-0.056544 1.953373 -0.730009 0.339268 177.979267
-0.040215 1.473087 -1.293314 0.098312 37.695873
-0.966829 -0.411334 1.406198 0.635407 -5.850912
0.981082 -0.677376 0.496908 0.184882 -70.796221
0.231588 1.336470 0.183917 -0.460038 125.682254
-1.767558 1.809068 -1.381356 1.294355 43.869618
-0.942321 1.736786 -1.717507 -2.094753 65.125609
-0.530919 0.444892 0.157038 -0.884891 -89.362923
-0.312227 -0.248944 -0.083528 0.319705 10.293663
1.331896 -0.847746 0.747075 0.780333 31.870128
0.064121 1.256663 2.046352 -0.844961 196.678242
-1.008695 1.276074 0.061797 -1.192241 114.901085
0.560790 -1.121361 0.153420 -0.243877 -16.114120
-1.188220 -0.868524 0.380624 1.446516 -41.508421
0.259596 0.394073 -0.015685 0.935106 36.068549
0.652164 -0.671274 1.484418 0.314110 54.997081
0.153619 -0.352889 -0.380610 1.336749 -19.265763
-0.859256 -1.873738 0.613888 -0.805141 -142.062233
-1.392642 1.492497 0.130852 2.128414 114.021397
-1.430353 1.780862 -0.858830 -0.744575 5.653383
0.184350 1.125606 0.361356 0.430912 182.966749
0.576560 1.201432 1.170171 -0.204784 233.122892
-0.082779 0.003967 0.779601 -1.752805 84.084871
0.322508 -1.842614 1.627412 -0.517963 -14.852939
-0.148861 0.789886 -1.304127 0.617884 1.586525
-0.385072 1.104663 1.367749 0.635984 194.614197
0.931534 -1.656231 -0.482127 -0.159599 -87.179961
1.006584 0.244566 -0.976895 0.471666 -45.020794
-1.462107 0.249069 -1.389105 0.533295 -59.390136
-0.945084 0.244001 0.703535 -0.502484 67.316777
-0.380650 -1.074662 0.258285 -0.844291 -78.676925
0.831506 0.791824 0.312926 -2.038468 114.040158
0.005039 0.120091 -2.721873 0.333978 -147.434575
0.506616 -0.993058 1.322659 -1.791252 18.876651
-0.267424 -2.906164 0.392630 -1.838080 -254.906519
1.216501 -0.232573 0.920947 1.184746 162.715895
0.606536 -0.203560 -0.118545 0.383325 57.667617
0.360605 -0.054596 -0.484317 0.114385 31.268522
-0.201071 0.377999 -0.957976 -1.023586 63.865064
-0.495052 -1.473314 -1.750752 0.801927 -211.749795
0.247747 -0.375816 -0.563761 0.138199 5.048211
0.030751 -0.182420 -0.119995 0.701799 18.196981
-2.706865 -1.230400 0.070994 1.191253 -163.629981
-0.880399 0.461087 -0.696525 0.058970 -28.222568
-1.380236 1.822385 -0.414654 -1.657366 44.322361
0.893221 0.648707 -0.813231 0.433916 87.314366
1.114677 -1.175910 0.436297 1.423191 -43.367164
-0.629155 0.783165 1.416411 -1.687125 131.502173
-0.892668 0.309845 0.200864 -0.160237 -8.407130
2.521291 -0.143228 -0.193477 -1.123865 120.956453
-1.446751 -0.682199 1.009515 0.804447 -9.003337
0.669371 -0.709751 0.063805 1.245384 -22.172859
-0.701294 -2.030885 -1.070343 1.454749 -190.856883
-1.296951 -0.601609 2.040638 -0.941987 85.955201
1.077748 0.547291 -0.078125 -1.058168 21.547257
-1.063386 -0.609337 0.741095 0.763569 25.772928
0.600088 -1.757312 1.841116 0.308283 0.435671
0.965826 -0.417917 0.073053 2.502384 18.578449
-2.066977 -1.582283 -1.396116 0.359883 -251.946970
-1.976039 -0.731129 -0.578428 -1.000851 -115.095703
0.832284 -0.919219 0.140162 0.262788 6.339223
0.605445 -0.158242 1.212037 0.172424 101.909441
-1.008019 1.720129 0.760712 0.589666 174.643388
-1.610516 0.180411 -1.128207 -1.412382 -36.836906
-1.026080 0.285657 0.226703 -0.025636 26.979270
0.947276 1.854422 -1.077692 0.805290 164.584103
0.662933 -0.311079 0.766579 -0.116373 87.488573
-1.030188 -0.204011 -0.348779 -0.567434 -54.988413
-0.424449 -0.554077 -0.440276 0.354303 -74.513250
-0.349917 -0.000480 -1.736939 -0.550567 -69.702222
0.029736 0.290264 -0.831515 -0.420887 56.383673
0.102658 -0.559570 -0.497554 -1.149403 -28.319843
-1.729760 -0.191228 0.386314 -0.254749 -45.655540
-1.869454 -0.553353 1.093154 -2.677517 -93.301295
-0.509723 1.051141 -0.968069 1.884348 113.155233
1.388288 1.275861 -1.016974 0.190120 111.925113
0.039715 0.219380 0.337686 -0.288101 14.325833
0.527495 0.029901 -0.836013 1.506464 77.870262
0.433687 -0.047885 1.578783 0.673814 162.141913
1.294016 -0.871240 0.527999 0.345903 88.688186
-1.366616 -1.477323 -0.857498 -0.337197 -258.081713
0.517323 0.499970 1.507536 -0.494294 175.176172
1.619352 0.010185 0.486600 1.045340 83.215974
-0.426169 0.835028 -0.515467 0.120321 24.817743
-0.199138 -1.247997 0.878324 -0.412905 -14.915110
-0.660591 -0.085237 -0.196680 0.431053 -21.786124
-2.061405 0.635402 -0.437037 -0.892626 -49.728318
-2.172970 -1.322587 0.008446 0.554113 -185.727961
-0.736359 0.522168 0.690419 -0.408819 25.641024
-0.005070 -0.132601 0.719900 -0.341697 69.401879
-0.275956 -1.815808 1.082347 -0.489799 -117.949989
-0.335567 -0.043018 0.693382 -0.105418 15.659402
0.912713 1.763634 1.184282 0.516570 288.728940
0.563601 0.407641 -0.424845 -1.595268 -17.184242
-0.252068 1.769011 0.138483 0.470732 177.417855
-0.276021 -1.429643 0.396944 0.289376 0.977591
0.203756 -1.752091 0.467899 -0.027688 -169.312933
-1.517322 0.568378 -0.960792 0.108072 6.776553
0.411295 -1.243428 0.037288 -0.946285 -77.245377
-1.489730 -0.726434 -1.374556 -0.425682 -167.647759
1.678830 -0.502561 0.446051 0.694991 103.907538
-0.196352 0.865384 0.321845 0.141855 110.149727
0.145010 -0.206879 -0.384824 -1.104383 -11.111085
-0.166996 2.066090 -0.119351 1.235588 233.352159
-0.855891 1.454320 0.941262 0.766923 162.771683
-0.419566 0.222416 -0.637140 -0.519443 -111.517693
-0.038710 0.434574 0.407372 -0.462021 22.110256
-0.046695 0.729137 -0.908192 -0.244557 56.499031
0.254283 0.781882 0.401130 1.872468 83.093984
-1.260382 0.401582 0.234225 -0.124570 -89.401653
-0.635831 -1.350488 0.021294 -0.294216 -95.878582
-0.194184 1.044984 -0.826128 0.751103 -18.707762
1.812594 -1.256443 -0.530980 -0.626737 -51.945462
0.359081 1.081094 0.909974 0.003433 189.465946
-0.742581 0.662294 0.326730 1.612778 96.494733
-0.204301 0.026375 -0.395146 0.260322 -63.859109
1.466779 1.519360 0.367202 1.543991 276.674853
0.548237 -0.052215 1.240589 0.855655 84.209790
0.977724 0.364546 -1.071155 0.461508 36.943947
-0.046445 0.855155 -0.925457 -0.481571 -24.376739
-0.175182 -1.098765 1.675695 -0.421026 -57.555678
-0.202723 0.481308 0.055956 0.221860 56.817493
-0.197928 -0.790862 1.154595 -1.324734 -6.690251
1.785890 -0.000198 0.082878 0.149681 79.742782
0.776177 -0.026198 -0.441794 1.346564 16.461855
0.060407 -0.638566 0.506303 1.240063 -50.899448
2.724259 -1.315002 2.581371 0.690322 168.365722
0.906857 -0.450929 -1.455277 -0.287983 -39.900113
2.362092 0.602301 -0.731330 -2.172507 142.972276
-0.225382 0.234622 0.109777 -0.061919 -2.591429
0.388192 0.560113 0.850604 -0.336180 73.272464
-0.491270 -0.232944 0.161249 -0.699087 -40.932777
-0.138672 2.244519 -2.516070 0.920373 80.754799
-0.608991 0.862308 1.709012 -0.655643 154.437828
0.149289 1.359256 0.248751 0.026391 181.169668
1.717684 -1.351204 0.587979 0.366730 55.753007
-0.347802 -0.563690 -0.449020 -1.018165 -115.834653
-1.438621 -0.246497 -0.506211 -0.209543 -147.952491
-0.691324 -1.275170 1.588291 0.470431 -47.712843
-2.873213 -0.371936 0.222168 0.680763 -98.219872
1.010837 -0.281015 -0.409403 -0.478462 -32.378150
-0.496645 -0.882120 1.249567 0.128361 65.856836
0.193822 1.452255 -0.760949 -0.484320 149.472894
-3.068891 1.514938 3.165503 0.235174 222.458811
-0.533391 -0.115596 0.808564 -1.921340 -36.370217
1.767584 -1.311885 0.003080 -0.678739 -70.942284
1.107260 0.399687 -0.423155 1.154837 93.023429
0.891130 1.168518 0.227522 -1.496344 175.614016
1.823843 -2.044273 -1.303999 1.176608 -148.317932
-1.379345 -2.711289 -0.898282 -0.514423 -292.492050
-0.884413 1.434773 -0.285097 -0.023530 102.658519
1.629067 0.644917 -0.559034 -0.342402 58.197898
1.785910 -0.716294 1.111208 0.150342 59.851348
2.358394 1.139341 1.103936 0.678185 292.587832
-0.044487 1.188228 0.987446 -1.294629 144.182722
0.514977 1.433547 0.123257 0.987743 201.521472
-0.273173 -0.778443 -1.152463 0.328385 -123.006136
-0.510222 -0.716790 0.489856 0.049499 -10.147083
1.899159 -0.831473 1.222892 0.762083 42.966594
0.269352 0.660834 -0.025435 -0.020720 160.016095
-0.048848 0.531410 0.358924 -0.835968 142.924062
0.106687 -0.938608 0.175885 -0.261950 -161.752474
-0.593355 -0.197641 0.054480 -0.838039 22.150751
0.170404 0.005111 -0.268095 0.749209 39.752882
0.505840 0.163363 -0.877657 -0.136170 26.110651
-0.607269 -0.272647 -1.550987 -1.809990 -118.548232
-0.232939 0.616319 0.611508 0.611830 132.198885
0.970916 1.742539 -0.615491 0.040968 141.697150
0.198848 -0.927212 -0.172999 -0.081484 -90.034054
-0.002784 0.263160 -0.714151 1.129828 -24.189678
2.446297 -0.839384 -0.240587 -0.574780 32.480426
-1.338778 0.537315 -1.054186 -0.541642 -47.613455
-0.718694 -0.076662 -0.931563 1.896296 -5.280130
2.145343 0.589555 -0.665462 1.616661 106.956001
0.570669 -0.039959 0.693095 -1.336234 31.419780
0.796052 0.920841 -1.141131 1.330504 114.803853
2.641465 -1.482348 -1.960348 0.825117 -133.752492
-1.021675 -0.966513 -1.495425 -0.988515 -212.039857
1.021288 1.387470 0.275641 -0.424516 225.729832
0.255481 -0.947489 -0.429965 -0.359510 -39.825391
0.965370 -0.524585 0.694243 0.184058 90.821435
0.288131 0.687891 -0.896896 1.064725 80.637097
1.060442 0.199408 -0.319660 0.251290 55.355181
0.731703 -0.386479 0.239345 1.008113 -1.736101
-0.217254 -0.005174 0.939741 0.881674 50.033425
0.293945 -1.713972 1.495277 1.022840 -9.651220
-0.930899 -1.432456 -0.034072 0.259286 -133.666543
-1.079892 -1.950444 -0.633545 -1.545489 -227.799240
1.349775 -0.043832 0.917583 -0.916867 136.112861
0.033652 0.223591 0.638080 -1.264356 63.414154
0.673163 -2.344471 -0.095035 1.396274 -96.315772
-0.423920 -0.891870 -0.594988 -2.574754 -128.000224
0.840061 -0.214795 0.691512 -1.627024 -35.209079
1.158332 -0.989078 -0.005593 -1.341124 27.111923
1.307815 0.537228 0.226766 -0.461798 66.112189
1.866169 0.175712 -1.469597 0.675663 14.206360
0.593251 1.538190 1.821272 -0.458724 194.422929
0.505262 0.352148 0.806116 1.280769 174.974142
0.372024 0.036355 0.007950 0.904636 96.749777
-0.694120 0.734442 1.981298 -0.076152 136.431077
1.080461 -0.036398 -0.688164 -0.368839 5.343386
-0.337900 1.169105 0.436709 -1.495550 77.268450
0.326678 -0.269042 1.111320 -1.195616 35.177021
0.329525 -1.564515 0.897298 -0.095814 -50.552403
-0.766895 0.057082 -0.358528 0.181475 -54.609654
0.332632 -0.606944 -0.627695 -1.393813 -168.403938
0.542319 0.826350 -0.930441 -1.518136 -13.458594
-1.015036 0.699080 -0.246522 -0.932309 29.522901
1.902017 -0.115474 -1.083182 1.172881 26.713059
0.042706 1.097925 -0.452792 0.341216 -18.374513
0.221846 -0.714524 -0.710369 0.842460 -78.176087
2.223241 -0.878210 2.114599 -0.846936 167.786929
-0.690895 -0.126962 0.028377 2.944287 1.547567
-0.928774 1.299733 -0.046259 -1.342362 87.900237
-1.550515 2.672976 -1.433771 -0.583352 107.259214
0.101308 1.479951 0.818562 -1.499694 142.304075
-1.236833 1.719236 -0.138251 1.764142 78.730759
-1.757385 1.216215 -0.536617 -2.106206 -35.504446
1.141589 -0.352165 -0.433955 0.729650 24.980535
-0.385076 1.282857 0.872019 -0.572244 103.336393
-1.264075 -0.312798 -0.925781 -0.400612 -120.298339
1.347336 1.410772 0.624867 0.316720 193.630520
1.239381 -0.133300 1.170455 0.552222 51.844248
0.957726 0.351164 -0.158622 0.724184 117.448519
-0.598101 -0.607907 0.671454 0.896882 31.796456
0.359790 1.617523 1.248232 1.540972 320.875160
0.971361 1.818128 -1.934137 0.694574 119.129515
0.774243 -0.318070 0.441830 0.292976 80.719581
1.141663 0.564432 -0.608541 -0.130587 43.054043
-1.004779 1.713446 0.137971 0.905262 90.247821
1.694138 0.595383 0.106242 0.249758 146.743395
1.563244 0.115909 0.265216 0.043915 76.299040
0.395480 0.209331 1.478092 0.509031 123.508402
1.237200 -0.279102 1.143703 0.352723 101.900070
0.614962 0.102987 0.893696 0.210733 75.105872
-0.535871 0.355639 0.822614 -0.899062 15.830108
0.786948 -0.666526 0.997776 1.121342 107.719435
-0.529180 1.205562 -0.841246 0.796038 5.196558
0.080037 -0.551970 0.651539 -1.038748 18.698642
-1.533961 0.891967 0.485920 0.791937 56.700214
0.730086 0.096504 0.597334 0.428766 169.306840
0.926378 0.817480 0.082430 -2.391624 142.605365
-0.453323 -0.446154 1.184701 1.388329 0.524603
0.081411 -0.638498 -1.402559 0.406746 -119.244389
-0.289002 -0.126944 0.246231 1.330956 61.708286
0.744992 -2.049900 0.973032 0.766514 -51.175162
0.237143 -0.996113 0.486995 -0.092282 -29.153653
-0.007487 0.789063 0.552792 0.449045 116.901901
-0.291261 0.484736 -2.691222 -0.325630 -76.684835
-0.503095 -0.165686 -0.432317 -0.418058 -44.524070
-0.048694 0.202322 -0.858114 1.855050 67.356649
0.055111 -0.940215 0.577118 -0.604612 15.305150
-1.013776 0.099852 0.412193 0.033304 2.292764
-0.870481 1.027142 1.008014 -0.578708 89.199934
-1.609721 1.473755 -1.971456 0.011160 17.379081
1.344917 -0.745937 1.636763 2.072229 170.433198
-1.474959 -1.389728 1.508844 -1.136929 -97.314675
-0.998728 0.736812 0.094351 -0.665198 100.049490
-0.790849 0.237924 0.403634 0.372984 -0.698409
-1.011026 -0.734644 -1.839837 0.545375 -101.858074
1.657788 1.162311 -0.091622 -2.179326 93.992077
-0.194096 -1.961593 0.800106 -0.418056 -134.306393
0.821044 0.092138 -0.649955 -0.863180 -8.953404
0.663482 0.056321 1.088884 -0.995863 131.517862
1.679974 -0.087833 -0.099057 -0.433531 107.654797
