0.8006 1.1423 1.0000
-1.6116 -0.4100 0.0000
1.1108 -0.0292 1.0000
-0.2868 -1.7308 0.0000
-0.2733 3.0891 0.0000
-1.7111 1.9047 0.0000
2.4546 1.1463 1.0000
-0.7027 -1.1038 0.0000
-0.0142 1.1708 1.0000
2.4423 -2.3285 1.0000
-0.0991 2.2398 0.0000
0.5054 -1.1243 1.0000
-1.2479 0.0947 0.0000
-1.2125 -0.0157 0.0000
-0.1539 -0.0061 1.0000
0.2864 -1.3278 1.0000
0.5410 1.5965 1.0000
0.9567 -2.0052 1.0000
-1.3223 0.8073 0.0000
-1.6110 -0.4632 0.0000
-0.8002 -0.6714 1.0000
-1.7973 1.3376 0.0000
-1.8338 0.8356 0.0000
0.1213 -1.6367 1.0000
-0.3925 1.3184 1.0000
1.0410 0.7294 1.0000
-1.5397 0.4971 0.0000
-0.2051 -3.0195 1.0000
-0.6940 -0.1671 0.0000
-0.7914 1.3923 0.0000
-2.2673 -0.2812 0.0000
-0.4861 -3.3027 0.0000
1.2699 1.2598 1.0000
-0.1425 -2.2354 0.0000
0.2023 -1.4021 1.0000
-0.9791 -1.4986 1.0000
-0.6587 -1.8661 0.0000
2.4330 0.6609 1.0000
-0.7786 3.1516 0.0000
1.4092 -0.0784 1.0000
0.1866 -2.2820 0.0000
-1.4896 -1.3762 0.0000
0.2475 0.6574 1.0000
-0.9079 0.5566 0.0000
-0.8542 -1.9032 0.0000
1.2402 -1.2812 1.0000
-1.5518 -0.8226 0.0000
0.1255 2.1899 0.0000
-1.0757 -1.2512 0.0000
0.5149 1.0323 1.0000
-0.0761 1.3676 1.0000
-0.9850 -1.2880 0.0000
1.3853 -0.8730 1.0000
1.5729 -1.9855 1.0000
2.4644 1.2370 1.0000
1.2250 0.3685 1.0000
-1.8367 0.9585 0.0000
1.7856 -1.6665 1.0000
1.8369 -1.3639 1.0000
0.2744 -1.8441 0.0000
-0.6547 -0.4441 0.0000
1.0820 0.5512 1.0000
-1.1288 -1.6315 0.0000
-1.1134 0.5082 0.0000
0.9602 0.5785 1.0000
-1.8358 -0.7018 0.0000
2.3172 -1.0957 1.0000
1.5464 0.9728 1.0000
0.6123 0.9051 1.0000
-1.6573 -1.1769 0.0000
1.9629 0.2301 1.0000
-1.5503 -0.2839 0.0000
1.6005 0.8994 1.0000
-0.8828 2.4825 0.0000
-0.7221 -1.1859 0.0000
0.9486 -1.6677 1.0000
0.2358 1.4549 1.0000
0.3186 -2.1138 0.0000
1.4907 1.1400 1.0000
0.7072 1.1076 1.0000
-1.2497 -1.2836 0.0000
-1.8487 0.7091 0.0000
-0.0051 1.5199 1.0000
1.8749 -0.9311 1.0000
1.2076 -2.5773 1.0000
1.5976 0.6524 1.0000
0.4303 -0.4743 1.0000
0.6571 -0.2342 1.0000
-1.4513 -0.5126 0.0000
1.3079 0.6078 1.0000
-0.0295 -0.9592 0.0000
-0.9689 1.2281 0.0000
-1.3945 -0.4011 0.0000
-0.8911 2.1472 0.0000
1.2463 0.7456 1.0000
-0.0792 -1.2399 1.0000
1.2304 0.4347 1.0000
-1.4896 -0.6700 1.0000
-0.3471 -0.2094 0.0000
-0.7597 1.9373 0.0000
1.7196 -0.7622 1.0000
-0.5995 -1.4638 0.0000
0.4100 -1.6262 1.0000
0.2420 1.6781 0.0000
-0.8599 0.9571 0.0000
-0.6961 1.2499 0.0000
-0.4948 0.5636 0.0000
2.1216 -4.5379 1.0000
-2.0069 -0.5025 0.0000
0.6366 0.5329 1.0000
0.6133 -0.5996 1.0000
1.1769 -1.4346 1.0000
-0.7721 1.8655 0.0000
-1.6848 -0.9315 0.0000
-0.1685 0.6897 0.0000
-2.5651 -0.8132 0.0000
0.4689 0.6450 1.0000
-1.0392 -2.4975 0.0000
1.2669 1.1591 1.0000
-0.2044 -2.5498 0.0000
0.0523 -1.0251 1.0000
1.6773 0.5374 1.0000
-1.9512 1.0623 0.0000
0.6973 0.2628 1.0000
-1.1341 -0.6793 0.0000
0.7731 -1.8687 1.0000
-0.9036 1.1076 0.0000
1.7976 1.3111 1.0000
-1.0037 0.1448 0.0000
0.4571 -0.6065 1.0000
0.8746 1.4793 1.0000
-1.0258 1.6704 0.0000
1.3334 0.9720 1.0000
0.6209 -0.1415 1.0000
-0.2646 1.7497 0.0000
0.8109 -1.7128 1.0000
1.8096 -1.1888 1.0000
-1.6116 -1.0593 0.0000
-2.1112 0.2015 0.0000
-0.6672 1.2396 0.0000
1.4772 -2.7720 1.0000
0.2754 -2.5952 1.0000
0.7958 -0.7117 1.0000
-0.8064 2.2186 0.0000
0.4706 1.5244 1.0000
0.8794 1.4301 1.0000
-0.3105 1.4783 0.0000
-1.7494 1.4794 0.0000
-0.8925 1.8859 0.0000
-0.8449 -1.0242 0.0000
-1.2944 -0.4228 0.0000
-1.3510 -0.6547 0.0000
-1.3862 0.4625 0.0000
0.6433 0.9412 1.0000
-1.5087 0.7162 0.0000
-0.6657 1.9342 0.0000
-1.8167 2.4843 0.0000
1.6392 -0.7888 1.0000
-0.5943 -2.0232 0.0000
1.1043 0.9545 1.0000
-1.4708 0.2352 0.0000
2.7209 -1.8367 1.0000
0.4902 1.2395 1.0000
0.9007 -0.7458 1.0000
0.8349 -1.1317 1.0000
-1.7422 0.0773 0.0000
0.8441 1.1944 1.0000
-1.0685 -1.2096 0.0000
-1.1360 0.5143 0.0000
-0.3345 -1.6356 0.0000
-0.4137 1.6894 0.0000
-1.1125 1.6318 0.0000
-2.2430 0.1447 0.0000
-0.1298 0.3401 0.0000
-1.8965 1.7396 0.0000
-0.3452 1.1111 0.0000
-0.6656 0.9917 0.0000
-1.2044 -1.3325 0.0000
0.9673 -1.8951 1.0000
-1.3960 1.4976 0.0000
-2.1861 0.2970 0.0000
-1.3368 -0.9058 0.0000
1.3665 1.0718 1.0000
-0.7018 -0.1546 0.0000
1.7795 -0.0688 1.0000
1.4019 -0.0394 1.0000
1.4971 1.0384 1.0000
1.0982 0.8755 1.0000
1.6800 -0.4491 1.0000
-0.8146 2.4786 0.0000
-1.0990 0.0761 0.0000
0.8364 1.4843 1.0000
1.4935 -0.3823 1.0000
-1.4273 1.4657 0.0000
-1.9581 0.5079 0.0000
-2.1616 0.3806 0.0000
-0.2666 0.3950 1.0000
-0.9471 1.9408 0.0000
-1.2890 -0.9564 0.0000
-0.7496 -1.9321 0.0000
-0.9352 -1.5134 1.0000
-1.0995 -1.8122 0.0000
1.7174 0.9100 1.0000
-0.5144 0.0438 0.0000
1.2080 1.3941 1.0000
-0.3345 1.1792 0.0000
-0.1276 -1.0548 0.0000
-1.6076 -1.0542 0.0000
1.0530 1.0802 1.0000
1.0020 1.0098 1.0000
-1.2092 0.6841 0.0000
-0.8863 -0.5335 0.0000
-1.7606 -0.1172 0.0000
0.1897 2.6565 0.0000
0.7884 1.0795 1.0000
0.6224 -0.3987 1.0000
0.6772 0.6783 1.0000
-0.9447 -0.4446 0.0000
-1.4953 2.0316 0.0000
1.9262 -0.8610 1.0000
-0.0793 -1.3212 0.0000
0.7029 -1.0649 1.0000
0.8182 0.7812 1.0000
-1.3105 1.1675 0.0000
1.2868 0.5705 1.0000
1.1353 1.4663 1.0000
-0.6712 1.7068 0.0000
0.8675 1.3701 1.0000
0.6303 -1.9717 1.0000
-0.3454 0.4027 0.0000
0.4380 -1.7458 1.0000
1.3021 0.9586 1.0000
0.9662 1.6183 1.0000
-1.3810 0.1898 0.0000
-0.3093 0.9700 0.0000
-1.6293 0.8775 0.0000
-1.5383 0.5281 0.0000
1.0240 0.9915 1.0000
0.1229 1.4171 1.0000
0.3188 -1.0332 1.0000
-0.8397 2.0853 0.0000
-0.6470 1.7239 0.0000
0.4319 -2.2952 1.0000
0.6960 0.9103 1.0000
1.4912 1.3457 1.0000
0.5265 0.6913 1.0000
-1.0150 0.9575 0.0000
0.6766 -0.4680 1.0000
-0.1034 -2.1098 0.0000
-1.1818 0.0373 0.0000
0.2166 0.2206 1.0000
-1.2329 0.3150 0.0000
-1.0418 -0.7846 0.0000
-1.3064 -2.1026 0.0000
-0.7223 -2.4359 0.0000
-0.7535 -0.4327 0.0000
0.7742 0.9919 1.0000
-0.7549 -1.3489 0.0000
-0.5741 1.5442 0.0000
0.6725 -1.9200 1.0000
-2.0219 -0.5894 0.0000
0.4653 -0.7460 1.0000
-0.1808 -2.2960 0.0000
1.5564 -0.4750 1.0000
-1.8693 0.6363 0.0000
-1.6058 -0.9245 0.0000
1.3748 0.8087 1.0000
1.1183 1.3040 1.0000
-1.6872 0.7126 0.0000
-0.3781 -2.6940 1.0000
0.3929 0.9674 1.0000
-1.5249 -0.4426 0.0000
1.4486 -0.9420 1.0000
0.6151 -0.7034 1.0000
-1.5438 2.5290 0.0000
-0.0940 -3.0538 0.0000
-0.4661 -2.5550 0.0000
-0.7045 1.8716 0.0000
-0.5987 -2.2927 0.0000
0.2903 1.4616 1.0000
-1.0003 -0.7546 0.0000
-2.0679 0.6703 0.0000
1.5372 -1.4719 1.0000
-0.6764 2.8134 0.0000
0.9184 1.2886 1.0000
0.7837 0.8123 1.0000
0.4032 0.6241 1.0000
-0.2807 -2.6446 0.0000
0.9644 -0.4705 1.0000
0.0176 -1.7227 1.0000
1.0126 -2.2691 1.0000
1.3461 -1.4158 1.0000
0.7671 1.4981 1.0000
1.2025 1.8500 1.0000
1.5965 -1.8121 1.0000
-0.8558 0.5448 0.0000
0.6930 -2.1340 1.0000
-1.3275 -1.3215 0.0000
-1.3799 -0.1331 0.0000
1.1486 0.7498 1.0000
-0.6100 1.4062 0.0000
1.1738 -1.6215 1.0000
-0.5690 0.4049 0.0000
1.8642 0.6130 1.0000
-2.0121 -0.0984 0.0000
-1.4324 0.6027 0.0000
-1.5544 -1.1765 0.0000
-1.6364 -0.8969 0.0000
1.1039 -0.1908 1.0000
2.3587 0.7377 1.0000
1.1130 0.7691 1.0000
0.5318 -2.0663 1.0000
-0.4812 -1.4259 0.0000
1.4255 0.3553 1.0000
-1.6285 -0.2429 0.0000
-0.2070 1.7144 0.0000
-0.9455 1.8590 0.0000
-1.3391 0.8143 0.0000
-1.0099 0.7260 0.0000
0.5651 1.3799 1.0000
0.7018 0.1921 1.0000
-1.2299 0.2949 0.0000
1.0619 -1.0880 1.0000
-0.2018 -1.1894 1.0000
-0.8153 0.9054 0.0000
0.7096 -0.4733 1.0000
0.6979 0.5410 1.0000
-0.4880 1.0044 0.0000
-1.3065 -0.2133 0.0000
-1.1991 -0.6985 0.0000
-0.5492 1.7029 0.0000
1.0788 1.0680 1.0000
1.4005 -0.8072 1.0000
-0.5823 2.0739 0.0000
1.0983 1.0517 1.0000
-0.6944 1.2526 0.0000
-0.4880 1.6996 0.0000
0.3424 0.3172 1.0000
-1.0095 -1.5803 0.0000
0.4010 0.3119 1.0000
1.0918 0.2935 1.0000
2.8315 -1.2204 1.0000
1.6126 0.6974 1.0000
-1.0314 -0.5698 0.0000
-1.3850 -0.5002 1.0000
-1.2155 -0.3964 0.0000
0.8087 1.6494 1.0000
1.3361 0.9568 1.0000
0.7659 1.1169 1.0000
-0.2392 -1.0854 1.0000
0.5288 1.1529 1.0000
0.7955 0.2771 1.0000
-1.0594 1.5322 0.0000
-0.3959 -0.6592 0.0000
-1.2399 0.7391 0.0000
1.2559 0.5971 1.0000
3.0575 1.6170 1.0000
0.5918 -2.4764 1.0000
-0.8119 -1.4195 0.0000
-0.5818 0.8067 1.0000
0.3607 -1.1057 1.0000
-1.4026 -0.9690 0.0000
-0.5673 -0.3067 0.0000
2.2238 0.7638 1.0000
-1.2447 1.6098 0.0000
1.3433 -2.4162 1.0000
-0.7116 -2.3507 0.0000
1.5003 -0.2823 1.0000
1.1600 -1.5559 1.0000
-0.6785 -1.8180 0.0000
-0.1922 -3.2407 0.0000
2.4054 0.5917 1.0000
-1.7452 1.5938 0.0000
-0.6504 -3.4231 0.0000
0.7484 1.6442 1.0000
-1.5773 -0.4184 0.0000
0.2367 1.3901 1.0000
-1.0283 -1.3158 0.0000
-0.6895 -0.8091 1.0000
-0.7721 1.0858 0.0000
1.7808 -1.4006 1.0000
-0.6999 -1.0517 0.0000
-1.1789 0.2544 0.0000
1.8470 0.5773 1.0000
1.5252 0.8951 1.0000
2.5112 1.1818 1.0000
-0.7685 -1.4114 0.0000
1.3963 0.6640 1.0000
-1.3936 1.0381 0.0000
1.7129 0.3523 1.0000
-0.6574 -0.5634 1.0000
-0.8610 -0.7607 0.0000
0.5423 -0.6249 1.0000
0.5281 -0.1228 1.0000
-0.3520 0.4545 0.0000
2.6100 -0.0642 1.0000
0.6591 0.7667 1.0000
1.6351 -0.7173 1.0000
-2.0872 0.4793 0.0000
1.4614 -0.4315 1.0000
