10.563094 18.197044
-12.025126 6.019455
10.961950 19.972791
-13.175242 5.141016
-4.314591 -0.005719
19.526315 16.877243
-12.747346 4.654231
-5.376024 -1.578991
11.246106 18.719854
12.897468 19.404310
10.234174 18.939722
20.011845 17.411441
-11.697301 5.344540
11.204234 19.200290
-0.230743 -12.417373
-0.850352 -11.574598
-11.820294 7.322137
-10.907474 7.530913
19.557384 16.649595
-4.540596 -0.457139
19.533355 15.575733
-1.509025 -14.384939
-0.906027 -12.179425
-3.696931 0.621203
10.405547 18.420613
-12.732308 4.647940
-4.040164 -0.591472
-4.071220 -0.305281
-2.685885 2.581983
-3.973677 -1.296853
-11.185642 3.918282
0.047565 -11.320303
-3.669633 -16.199951
10.160497 18.000583
11.303837 19.183713
-12.626602 5.667427
0.600594 -11.906706
-3.168944 0.738307
-2.110186 1.007202
-13.007515 2.074862
-12.921119 4.749820
21.244211 17.374388
-14.910020 2.868995
-5.877423 -2.501801
0.027213 -11.098640
19.279328 17.348896
12.193711 19.578933
-2.529611 -14.480119
-2.771470 0.683166
20.042470 18.948689
20.393550 17.173279
11.437202 19.096845
20.033107 16.303370
-1.789763 -12.815377
20.665268 17.704491
11.784751 20.760820
-3.389728 -0.976961
20.779437 18.817432
0.970772 -14.102808
11.004609 18.404306
-2.861565 0.984102
-12.562706 6.281917
-3.106273 1.260083
19.099881 17.521185
19.655445 15.570409
-10.699544 6.445629
-4.538657 -0.055376
0.102462 -9.797529
12.065678 20.728659
9.284729 17.599799
-1.230545 -11.245208
-3.801358 1.150805
11.421658 19.102941
-1.866313 -13.652323
-1.819723 -13.519586
11.426779 19.446988
10.499227 18.310653
-2.676326 1.403505
-3.806000 -0.637817
-12.490347 4.697483
12.440250 18.703176
0.376553 -12.274370
-12.477168 4.235344
9.451007 17.133106
-2.477031 0.913146
10.600326 16.897533
-3.961681 0.574747
-12.812268 4.343812
-0.652010 -11.858195
19.604669 17.247756
17.709579 14.461996
-3.851926 -0.746273
19.044630 17.184712
-11.591424 3.524498
11.354331 17.009321
-0.533727 -12.007441
9.168015 17.274123
-3.962949 -1.320447
-3.311265 -0.422512
-1.038369 -12.180304
-0.815451 -11.993526
-6.208570 0.343212
-4.196830 -0.813098
-12.976404 4.070823
-0.975913 -12.300342
-11.131249 6.197984
11.730388 18.408241
-3.204627 0.410965
0.605249 -11.478961
0.793460 -11.007545
-3.492989 0.434485
1.058806 -11.997504
-2.824577 1.080232
19.870978 17.235696
-12.150975 5.424307
-0.889583 -12.817861
10.815611 19.013568
10.273658 18.479510
21.385831 19.364135
-4.568509 -1.602449
-0.553247 -13.250140
-12.764923 4.291967
-13.420544 4.614759
-2.885306 -0.458219
-0.023669 -10.940187
11.241561 20.069799
-4.197132 0.066499
11.436230 18.810199
0.183548 -11.611407
-14.577158 3.732782
18.639839 15.793374
-4.118093 0.932334
-1.026485 -11.806530
20.610297 18.217344
-13.748152 5.108302
18.511278 17.643810
-0.361617 -13.145409
9.472980 17.893340
18.956865 16.591218
-11.637940 5.243135
-2.427043 -13.316439
-3.641404 0.484828
-2.530614 0.628792
-3.876389 0.585316
19.197700 18.003509
10.669103 16.854255
-13.240747 3.559091
-11.605540 6.543705
-11.306501 6.850765
-13.139107 4.747128
0.340328 -12.707090
-13.924824 3.120741
19.016161 16.537210
-3.794240 -0.692928
-0.026219 -11.161637
-5.392206 -1.066513
-13.914277 4.697051
0.814007 -10.403280
-12.302708 4.534526
22.127620 18.802969
-0.303129 -13.412697
10.753013 18.821909
-11.895468 4.825388
-0.273734 -10.676156
-2.339089 -15.078418
12.917941 19.351822
2.107294 -9.526807
-1.123202 -13.745595
20.010141 18.502215
0.399821 -11.606009
-11.802146 4.411949
-5.103678 -0.797296
10.776914 17.003589
0.431232 -13.367080
20.641394 18.556336
-3.416385 2.378878
-1.501913 -13.079571
-2.610609 -0.801082
-13.055714 5.015143
-12.615520 5.259211
19.651622 17.977454
-12.590206 5.359473
10.424336 18.749927
-3.595219 -1.829013
20.155623 16.294113
-2.502500 0.947244
11.412408 19.646312
-12.645152 3.921150
11.119188 20.140280
-13.319180 5.169448
0.361736 -13.310068
19.056027 15.736091
-12.674147 4.874586
11.569411 17.653974
-0.713760 -12.580578
11.295765 20.762765
-12.344940 5.272989
-4.286625 0.760025
-5.364173 -2.037177
20.125826 17.114995
10.057806 17.290981
19.142389 16.706397
9.572922 17.115213
17.656816 16.965802
10.564685 18.478307
-4.295866 -0.652487
-3.779979 -1.083993
20.076194 17.258977
-3.898622 0.548329
12.163694 19.349938
9.885626 17.964337
11.203089 20.033909
19.147763 16.810941
-13.813771 4.092371
-0.899767 -14.204042
19.256645 16.383446
-3.474325 -0.762745
18.528740 17.405423
1.062176 -11.718503
11.388349 19.399408
11.819498 19.753012
18.414961 16.793742
8.257727 16.062361
1.337965 -11.060474
17.900736 15.421196
10.537398 17.495472
-3.989754 -1.151620
-0.048754 -12.793416
-11.943107 4.896063
-5.650067 -0.347880
-0.095302 -12.574930
20.772887 17.040087
0.138094 -12.569282
-2.160769 -12.998441
-0.338736 -13.269599
-4.071630 -1.849957
-2.189209 -14.659883
-13.188201 3.308661
0.003262 -11.020704
11.436467 20.170531
-13.490613 4.661147
-12.355951 4.337884
-3.380613 1.942360
-12.431589 4.609175
0.266893 -10.979494
20.246301 17.816459
-12.637551 4.143311
-2.499557 -13.516212
9.996583 16.239863
-11.626498 5.507645
0.129891 -12.132079
-2.936520 1.887685
20.428078 17.918365
-11.185162 4.232963
11.759933 18.980246
20.036347 15.624680
11.697472 18.375458
20.970340 17.743076
20.584542 17.447149
-4.161694 -0.985784
10.953461 18.127218
-2.964924 -0.621683
19.548378 16.814934
21.026130 18.455327
-0.679526 -10.783498
-13.266269 4.678404
-4.152200 -0.708092
-12.988894 5.272192
-1.022804 -11.371518
10.908264 18.997209
-4.819871 -1.625379
-0.412243 -11.913211
-1.117123 -12.915716
-0.080287 -11.607000
-4.216913 -1.130382
19.045174 17.507619
11.486489 19.104798
9.992164 19.320604
9.889446 17.784029
-4.601061 0.084393
-5.929991 -1.799799
-12.738220 6.051173
-13.224027 2.547384
12.020467 19.195622
11.394668 18.565505
-1.668363 -13.467201
-12.464173 4.285281
-0.661927 -11.399614
-11.231518 4.934407
-10.842674 5.863643
-13.512890 4.637239
-12.211660 6.179700
-3.655479 0.615757
18.557541 16.397696
-5.613508 -0.960515
-12.756378 5.056112
-0.836465 -12.318677
-0.923873 -12.863274
9.135836 16.211658
17.970149 15.940082
-3.599246 -0.058493
-2.942350 -0.429099
-11.815488 5.822312
-1.183107 -12.354420
20.192227 18.112706
20.653084 18.586916
0.279989 -11.407005
-3.794228 0.895394
-13.418434 4.813582
-10.031672 7.114947
11.301168 18.475775
20.206647 18.311227
11.178681 19.235474
19.496689 16.368377
-0.091216 -11.158002
11.432710 19.789169
10.725886 18.218877
-13.402274 3.260809
19.832976 17.392915
-11.828087 5.625811
-3.459321 2.407711
20.215484 16.509690
11.244296 17.621635
-1.015261 -13.545247
-11.443351 6.668876
-12.643259 4.628713
-4.850156 -1.792055
-12.906786 5.888723
-3.551877 1.254723
1.028999 -12.120187
-1.378736 -13.807452
-2.908815 -0.547510
-13.224753 4.599085
11.171215 18.668556
19.510100 19.267466
-11.363352 6.337597
-4.531371 -0.993555
-0.854855 -13.402305
-11.466642 7.070795
-1.492568 -14.131596
21.609707 17.105100
10.400596 18.590411
18.648971 17.531317
-4.929766 -1.080434
-0.748539 -13.226574
-10.749829 4.300376
-2.467194 2.723104
21.639555 18.746704
-0.922995 -11.737457
-11.519645 6.048677
-4.268416 -1.481053
19.458220 16.614910
10.919790 18.061093
-5.509376 -1.001366
-7.151874 -0.625023
0.952136 -8.761110
-4.733141 0.599836
9.559754 17.913037
19.389343 17.246471
-11.443176 5.930217
-2.555939 1.509768
-1.612492 -14.308836
10.925804 16.920610
9.124210 18.019524
11.099936 19.736374
-4.061418 -0.189261
-11.991331 3.877609
-13.529138 3.538783
-10.885621 5.773493
-2.635804 0.370845
11.054829 19.503497
-1.406080 -13.297215
20.318594 18.292892
19.943882 17.174591
-11.861078 4.936834
0.701203 -8.797442
-11.363559 5.915182
0.334130 -12.057543
-10.318709 6.771973
-4.333687 -0.036949
9.687667 17.175216
-12.552114 4.047209
10.025193 19.346368
-3.000698 1.278785
19.493690 18.268864
-5.272226 -2.000833
17.972833 16.215950
-4.634120 0.043348
9.184806 14.922369
0.415637 -12.768283
21.185700 19.048495
-13.096292 5.214766
-13.367146 4.696238
-5.683491 -1.146625
0.189946 -12.694805
-11.983972 4.589831
20.997630 17.454345
0.781083 -13.639106
-3.876717 -0.418659
-0.890297 -12.925830
-13.986281 4.286148
18.373626 18.413151
-10.964833 6.057215
0.326814 -11.463637
0.746307 -11.717401
-1.010304 -11.960970
0.240134 -12.876395
-2.696194 0.747140
-12.826708 3.648894
11.703186 19.205449
10.623202 18.118544
9.831833 17.609852
-1.452238 -14.219932
-12.752172 5.286368
0.582954 -10.756978
-12.248986 6.515867
-0.494158 -13.123951
-4.430756 -0.315444
12.297477 19.119624
-1.191465 -13.091985
-4.132089 -1.066544
-12.297470 5.151800
-12.318221 4.286678
-11.974586 6.251805
-12.461083 4.744109
-1.041892 -12.574205
-0.945840 -11.989440
-0.928939 -12.166943
19.974445 16.543839
0.345882 -11.878498
0.556835 -11.264983
0.859368 -9.348660
12.190375 19.173691
10.192531 17.410226
18.202238 16.007704
-12.353136 6.440269
-3.721510 1.670748
-11.814730 5.083695
19.265769 16.352848
-1.389929 -13.487829
11.512024 19.767831
12.759925 20.943690
19.459024 16.001858
19.819939 16.223686
19.432721 17.547173
20.610011 17.723628
20.173861 16.956490
11.906289 19.932451
19.578345 16.487159
-2.493996 2.130274
1.132783 -11.079790
19.219663 16.561531
11.806779 18.341785
-2.880844 0.014949
-4.098937 -0.293146
-3.609753 1.197919
19.816021 18.156801
-0.846310 -13.518430
-4.166836 -2.284688
-12.434954 6.053157
10.764031 17.590081
-13.292085 5.285380
-13.486949 3.887193
-0.444570 -11.440474
-0.939701 -12.408749
20.869138 17.794724
-2.885346 1.317628
19.965846 17.408789
-12.214090 4.781918
19.520243 18.459954
-5.997710 -1.667909
-5.285369 -1.722329
0.146928 -11.267111
-12.852283 3.923087
-10.938436 6.627341
20.595364 18.193191
-13.838988 5.165925
9.786486 17.345902
-11.612128 5.891189
10.203916 17.873462
18.902343 16.885606
9.921410 16.718136
-4.903610 -1.968295
-0.843066 -11.724355
-3.010111 1.223482
-13.236603 4.162988
-0.182034 -10.459983
-3.582413 0.740000
19.464289 17.127493
10.229162 17.481206
-2.956254 1.631867
-11.625799 4.386096
-3.123347 -0.828979
-3.520377 -0.995797
-13.127722 4.083076
0.115215 -12.574062
12.534704 20.247425
-12.828865 3.325748
-1.948319 0.623534
19.925309 17.258946
-13.848208 2.757807
10.760499 16.837220
-3.303794 0.493613
0.708179 -11.226860
19.454241 16.679622
0.231781 -11.337948
9.052307 17.252116
-12.789800 4.819649
10.478031 18.834804
19.728007 18.260025
10.893867 18.751098
-3.210271 0.937201
10.461952 19.174026
-1.504427 -13.920594
18.913232 16.424453
10.923335 17.376829
12.829952 20.187219
20.409799 17.622370
-11.631805 5.899335
-11.263699 5.594920
-6.025093 -0.240956
-5.128670 -1.256029
19.844713 17.411106
-3.265080 0.701116
11.559891 20.251815
11.431527 20.614926
19.245510 17.560113
-10.884324 5.498364
-2.541246 0.190702
-12.089895 6.977964
-12.648407 4.535833
-3.641746 -0.250118
10.616233 18.335624
10.935223 16.979498
17.698906 15.208263
9.280510 16.535673
20.002860 16.378167
21.353377 19.053402
-3.831596 0.549538
12.618435 20.285616
-3.021420 1.211724
10.898310 18.890544
0.364484 -12.346546
-0.213453 -11.191050
21.735196 18.806161
12.404810 20.332776
11.755501 19.324129
1.060652 -12.475185
11.745891 17.681764
20.453880 16.205694
22.090301 18.174541
-2.906387 1.304002
-2.396432 0.582067
10.972884 20.004488
-3.562257 0.526221
-4.648024 0.168133
-11.678830 6.729238
-13.665871 4.613863
9.783689 17.427709
21.222509 17.564617
20.980597 18.586748
19.623607 16.822046
-12.984645 6.227628
-0.268594 -11.666371
-15.023211 3.432776
12.387890 18.672510
21.140770 18.728714
19.787278 18.282448
-3.328013 -0.129534
-1.167279 -12.915922
-4.191209 -2.142315
-0.007316 -12.662573
0.953719 -9.859167
11.432674 17.275997
20.219312 17.443409
20.226955 18.730748
10.895095 18.133549
12.156303 19.704357
-13.770665 6.007834
19.660052 16.109662
-1.479400 -12.324993
-4.754667 -2.373756
19.418257 17.166675
-12.853520 3.285154
-3.703339 1.287302
-4.544809 0.577117
12.235828 18.679158
-11.938201 5.240864
-0.058940 -12.835794
-12.563555 6.290884
-9.489442 7.177748
21.717647 17.852239
-11.667330 5.146894
-12.903799 4.402309
-5.569132 0.085176
19.780678 18.745540
-4.274784 -0.231981
10.483417 19.367190
19.851384 16.721570
18.385318 15.465487
0.310197 -11.540996
-12.970113 5.952241
-3.005814 -1.165562
18.964523 16.148334
-2.107112 1.085921
-1.844395 -12.534994
-4.931737 -0.624609
20.221219 19.201910
-1.281293 -14.299532
-0.715430 -13.027546
20.106254 18.276775
11.462758 20.387351
12.116090 20.470144
-1.472224 -14.173813
20.257388 17.536714
-3.441912 -0.145665
10.210965 19.701320
-13.383430 4.456055
-0.902919 -12.536806
-2.447101 0.652426
18.439202 17.552547
11.630972 19.938616
-0.806251 -12.656614
-12.519870 4.090130
19.040489 17.932151
21.378234 18.349111
-4.271281 -0.903716
18.731042 16.533761
11.598977 18.677138
-12.002152 5.519456
20.840104 19.418860
0.246779 -11.017636
0.127469 -11.445495
20.865269 18.932146
11.351017 19.546759
-4.098471 -0.772580
-1.210616 -13.363396
0.072460 -12.799645
-13.120222 3.692974
-3.889352 -0.524810
-3.546916 0.318927
10.224553 18.854769
12.393108 18.571931
10.942422 18.938656
-10.564951 5.807091
-13.929113 2.912923
-2.129285 -13.699309
-1.012006 -13.433103
12.144436 19.398453
-3.530598 -0.487006
20.384272 18.496888
1.355061 -9.365755
10.476435 19.301267
22.142601 18.737222
8.568905 16.170078
10.282953 18.748125
-14.035640 2.617257
1.049012 -11.348090
10.568969 18.206198
11.014345 17.773468
0.183185 -12.117835
11.555567 17.675769
-1.955463 -13.429885
10.734325 19.093097
-14.321183 2.849482
0.416302 -11.269779
-5.068630 -1.311952
20.078575 16.808589
19.736792 18.604793
-3.797154 0.576601
-12.876700 5.869394
-0.624383 -11.482973
-4.547282 -1.240469
11.804362 20.949430
-4.824486 -2.061057
19.343437 15.497443
-3.402305 -0.797960
-3.230448 0.916663
21.050225 19.178895
-12.662264 3.107749
10.976101 19.684898
-1.131578 -12.183517
10.387826 19.314194
11.445032 18.473027
11.643788 18.691937
-4.251479 -1.013344
10.203367 18.144122
-3.164810 -0.210315
-3.462673 0.443550
-12.664282 4.382365
-12.559249 5.838282
11.945306 20.138973
-2.567262 0.592546
-1.567275 -14.864022
0.837250 -11.452278
-3.443474 0.814130
12.289704 20.261110
12.397082 19.719170
0.409355 -12.512227
-2.684004 0.648358
20.142057 20.236833
18.846970 16.787189
-14.124613 3.641519
-11.383562 4.919795
-3.992904 0.202616
-13.931287 2.834304
-0.531505 -11.286717
-1.245264 -13.158311
21.310871 19.910796
10.413499 18.297538
-1.344534 -13.303314
20.183905 17.509593
20.789028 18.737928
-0.384010 -13.454877
20.674643 18.150606
-13.877544 3.824877
0.666883 -9.291583
-12.673618 4.995443
11.898029 19.596594
0.344099 -12.159518
-2.553435 1.170259
-10.968364 7.895031
-1.012233 -13.655450
20.750032 18.106576
-1.289505 -12.956624
-2.293158 -12.212073
-2.739170 1.265362
20.355837 17.123848
-14.399268 3.464190
11.777434 18.635935
19.390519 16.395883
20.876462 18.179476
-2.108789 -13.763188
-12.140773 6.425004
-5.697485 -2.022902
-13.001021 4.196754
0.839070 -10.698882
-13.760166 3.222149
-1.182684 -13.260957
20.739311 17.123419
-13.251662 2.967731
18.933952 18.064513
-4.835489 -0.554677
-4.557637 -0.121543
19.818515 16.279531
19.879647 17.100291
-4.504581 -0.976178
-12.471866 7.663059
-2.563396 2.171468
-0.042665 -12.093629
20.476132 16.854074
10.151021 17.310939
-13.111327 5.035733
0.871629 -10.419576
19.246112 18.214100
-0.448573 -11.180137
-11.119875 5.304544
19.506333 17.743397
-1.004568 2.768609
20.021453 17.186749
-1.050392 -13.524380
19.808735 17.401227
-5.682184 -0.028375
-12.151657 5.128252
12.375303 20.361032
11.723208 20.166375
8.474841 17.559919
-3.268758 -0.542380
19.313223 17.973815
20.183455 18.467300
20.251032 18.382450
9.740138 15.729054
-12.840095 6.341698
-13.243107 3.926559
-4.538967 0.021601
-13.726554 4.338447
21.277630 19.153349
-13.808141 2.619005
0.156986 -13.175312
10.629044 17.322535
12.363111 19.518499
-1.566184 -14.081819
10.240453 19.148586
20.448089 16.085248
-11.394507 5.131423
-3.155521 1.512676
0.313063 -11.402598
-4.275874 0.605583
-1.550540 -13.008915
-4.548555 0.753974
-4.100344 1.145846
-12.875384 4.630015
-4.911034 -1.211429
18.576976 17.441105
18.751907 16.537854
10.138578 16.884644
19.831239 17.969996
18.562527 17.622447
19.602546 16.136571
19.568955 16.452877
0.382539 -11.528703
-4.238514 -0.704952
10.378557 17.470181
9.355631 16.794326
21.211640 19.463559
-3.313948 1.131412
-12.576817 3.613170
-4.784912 0.108186
-13.615930 4.691674
-0.575147 -11.716463
-1.370362 -12.480729
-11.862069 5.235200
10.219380 18.491984
12.725331 21.024588
-1.105376 -12.666613
-1.882452 -12.821308
20.622236 17.953107
10.006290 15.598633
12.371146 19.990785
20.445591 17.774617
0.132443 -12.486415
-13.110758 4.606370
19.517158 16.584119
-14.126436 4.294624
-4.032510 -1.122555
12.514063 20.736789
19.398068 16.993961
-11.959117 4.250953
-4.528088 -1.225027
-12.193662 4.866064
9.264408 18.047523
17.492130 15.773591
-3.575662 -0.519165
18.909942 16.179090
10.938339 18.041880
11.214774 19.803248
0.066061 -11.423440
19.273629 18.434113
10.134100 19.367431
20.425321 18.975393
1.306130 -11.055055
-13.354094 3.184247
-4.343493 -0.345844
-12.184532 5.236848
10.966393 17.824371
19.993819 16.356642
-0.472696 -12.747889
18.822383 16.320567
-1.524601 -11.537877
11.040528 19.495250
12.870883 20.530391
-4.788392 -1.004003
-3.011453 1.132837
-11.232860 5.993652
-12.207254 5.000756
9.459478 17.272563
-3.925656 -1.157255
-5.221520 -1.085258
-1.272101 -13.061809
-0.044678 -12.033940
-13.661847 4.164929
0.768936 -14.172452
20.693885 18.243084
-3.401937 -1.123904
-1.221670 -13.008380
18.608045 16.012636
21.330064 18.087272
19.821702 17.692964
-4.615449 -1.054232
20.522162 17.389890
18.673488 15.546768
-12.222601 3.253568
9.886188 18.549313
-0.785412 -11.949055
11.039863 19.755297
-13.937422 4.058047
-13.209657 3.661540
-3.874493 -15.467798
18.665558 17.200418
10.907738 18.532356
-12.919459 4.997643
18.932123 17.598101
-4.631563 -1.829486
19.437649 15.391900
19.819346 16.798609
-2.053940 -14.004235
11.964210 18.903636
21.065214 18.115428
0.455264 -10.865816
-12.901654 5.317593
-5.110750 -2.898846
-3.377472 -0.341516
20.709539 16.587896
-3.357849 0.416466
-14.264918 4.071805
20.673978 15.445046
-0.075399 -11.837840
-2.392381 0.922468
-1.974283 -12.687457
-12.138169 5.396170
0.501112 -10.824602
12.427615 18.482504
11.874722 18.789632
-12.394874 4.089019
9.814294 17.197439
12.314930 19.795626
0.467480 -11.116583
10.371271 17.311603
18.820161 15.982496
19.585460 17.316402
11.996376 20.268861
-14.793407 3.973705
11.790996 18.454947
-5.840418 -1.995757
-11.013220 5.851412
-1.564905 -14.043401
-0.145592 -12.116011
9.589785 17.075031
20.044607 16.604420
0.189777 -12.867149
-12.906647 4.976489
-4.109976 0.479431
0.367854 -12.028289
1.413575 -11.976196
11.667001 17.648267
-4.933691 -1.571654
18.776001 15.340887
-2.976688 0.476516
11.203589 19.018050
-5.276286 -3.263076
-12.285943 6.910864
9.722627 19.610305
20.109878 17.277821
-12.238079 5.957620
-3.864401 -0.970933
-3.822381 -0.648209
-14.129456 4.493892
-2.999670 0.039554
-3.635391 -0.887468
-2.451398 -14.299482
-12.164657 5.287202
8.929477 16.654221
10.613755 18.102445
9.933121 17.069091
-12.369290 7.359973
-0.799445 -12.753588
10.904789 17.184818
9.809701 17.796924
-0.572929 -14.064271
19.855561 15.817318
-12.238166 6.510592
-4.887004 -1.360427
-3.189733 -0.710888
22.288182 18.271627
19.981680 17.088627
9.837143 17.577177
19.486491 16.778434
1.227960 -12.562866
-13.246030 3.075549
-2.349475 -13.604043
20.576707 16.953739
-14.024092 2.452178
-4.331444 0.607291
-13.614786 2.358550
-1.728771 -13.309449
-5.008594 -0.326583
11.622667 20.277609
-12.622180 5.629454
20.328877 18.665041
11.974383 17.678206
-12.666259 3.543681
10.707988 19.084407
-12.503917 5.395115
-12.220024 4.094079
18.281857 16.015944
11.056700 18.473364
20.315052 17.098282
19.895283 16.750321
19.598242 16.542226
19.290188 16.895767
-12.844414 4.138427
-1.077568 -12.873905
-4.443645 -2.479423
19.358209 16.234971
10.869898 18.293947
-0.066873 -12.205462
11.537129 19.086028
-3.223744 0.848501
-12.405364 5.342859
-11.363549 2.848697
9.349337 18.524157
-5.091857 -0.273438
19.835305 17.719681
-5.451173 -3.328084
-13.658516 3.124797
-1.637299 -13.619001
-3.855284 -0.743696
-0.305695 -12.178897
9.465327 16.850684
10.651344 17.622039
