3.896971 -3.563575
-3.105424 -6.374940
5.615302 -0.901746
7.275079 -0.623300
10.805598 -0.696070
4.646594 1.455146
7.467663 -0.547517
-6.295002 -9.690012
3.769114 1.215593
0.486521 -8.145786
3.962797 -1.210960
-4.179321 -9.161112
-0.706295 -6.309497
8.572428 2.791205
8.727332 2.268361
-6.361474 -4.319190
9.178891 1.030416
0.442380 -9.675191
-4.228584 -8.231169
4.306230 -3.740355
-3.611410 -8.239614
2.252918 -10.757192
0.241147 -6.513053
7.536811 1.444431
0.121416 -6.973559
-1.362600 -11.353406
5.237006 -0.533540
4.437537 -2.697442
5.441411 -1.255245
4.501924 3.035268
3.962599 -3.254891
-2.947276 -9.503577
2.295460 0.765607
-5.577451 -4.844184
3.554382 -1.722963
-6.100552 -5.317319
8.507696 4.615314
0.226658 -7.367216
-5.173869 -8.842375
-5.095301 -8.985904
-5.718108 -6.029918
9.183230 2.122082
-4.868739 -7.251450
-1.142195 -9.272084
2.856972 -1.365008
8.315379 1.603085
-3.684806 -5.201511
0.776679 -4.667976
-3.697025 -4.764571
-4.108689 -7.902880
0.478498 -4.618837
-5.131905 -9.220717
2.316191 -1.445234
-0.850695 -11.721513
8.082486 4.734922
3.925501 -1.593791
-2.703771 -7.257829
7.440732 -0.310068
8.775873 0.856879
-6.261127 -0.439359
5.530229 -3.196785
1.032828 -3.449468
-6.238527 -7.685647
2.625244 -6.668294
5.107842 0.572496
-5.535897 -6.674957
1.369431 -8.271505
3.171288 -0.332108
5.617143 -0.127676
-1.347594 -6.778394
-3.971408 -6.815444
11.397419 2.867168
8.865653 -1.304935
-0.163860 -6.224098
7.492360 1.777542
7.550639 0.749204
4.172575 1.221661
6.500035 3.389644
4.518513 -1.481020
-5.660327 -6.259091
3.750868 -1.325901
-1.295471 -8.199133
-6.335862 -7.533594
8.860336 1.201458
-4.442787 -6.921815
4.741723 -1.537824
5.387605 -0.810289
-1.271007 -9.941781
-8.297753 -6.205713
3.706050 -3.419594
0.278306 -8.124102
6.709744 -2.486345
5.342070 0.756974
6.968152 3.992757
-4.542325 -7.759592
-1.736419 -6.617643
-1.772691 -8.622349
-6.062174 -4.652037
-6.649603 -8.162965
-3.315359 -7.748636
0.528535 -4.046400
-5.359271 -5.767888
6.703332 1.145360
-1.084332 -10.230442
0.180283 -8.403071
-3.538275 -6.177521
-0.395100 1.260091
7.757587 1.710126
11.526099 -1.447276
-2.594392 -4.921987
8.501119 4.420080
1.634711 -0.823233
4.718187 -1.158687
5.400552 -4.454242
-5.221741 -8.904554
-2.151468 -8.988804
-1.577507 -12.435790
-0.482746 -9.193107
1.096146 -10.049374
0.789415 -0.723945
-1.514956 -9.238267
7.854485 -2.034271
1.701230 -3.982216
9.590979 4.970407
-0.559252 -6.567726
8.413296 0.392563
-3.603961 -4.157136
8.293110 -2.625614
8.263569 -0.297747
-2.916334 -5.882196
-3.551659 -4.557589
1.718695 -3.658122
-1.329843 -7.958506
4.894673 -5.008440
-2.307947 -10.858877
-1.323793 -8.654013
-5.572854 -3.441822
5.129787 -2.775345
-1.624016 -7.118127
-3.515852 -2.951012
-3.165477 -5.685988
-5.757424 -7.575249
-5.791755 -9.330140
-3.071439 -10.600616
3.477585 1.177494
3.016374 -1.863217
-6.633725 -6.615930
2.841415 0.105146
-4.132384 -1.979039
-4.822595 -8.735229
8.775263 1.662254
-3.538888 -4.790294
-5.202508 -6.331347
6.950980 0.514463
-0.948710 -8.408264
-2.473548 -3.603356
8.583153 1.291018
3.114175 -2.342115
9.627602 1.816288
-2.674339 -3.670303
-3.396022 -7.357523
1.559558 -4.846194
0.836272 -6.075666
-3.595515 -6.682392
-3.886396 -6.306373
7.821719 4.568876
6.375443 5.610791
3.372828 -0.063335
-1.210853 -6.365082
7.464440 0.995631
6.558571 -1.479808
7.788172 1.000172
5.854751 1.164496
-3.013219 -6.246183
10.183018 -2.542389
7.659904 3.206456
-1.070408 -3.305818
0.913291 -10.224677
-2.681175 -9.023137
-2.434665 -8.768850
6.396501 -1.160061
-3.124978 -6.098644
5.592920 2.620771
-4.444627 -9.740739
8.846206 3.611808
0.490659 -7.173684
-1.498291 -8.662667
-2.787540 -6.900793
-2.289859 -4.073533
0.474609 -9.270084
2.579679 0.054721
-4.948392 -8.480565
-0.174279 -7.202841
-4.840349 -5.492707
2.115292 -5.004929
0.453435 -7.510328
6.048047 1.024643
-0.955240 -4.108880
-0.446148 -5.642117
-1.936306 -7.236563
3.399313 -0.204538
2.230744 -0.715474
11.992167 -3.543436
3.675158 -2.966800
-2.827598 -8.538172
2.609049 -2.585597
-3.204830 -6.925369
6.182613 -3.363352
4.702710 -1.932764
2.581240 -3.718265
-5.331458 -5.643172
-2.385606 -3.396977
9.807027 -0.454345
-5.892963 0.752860
0.847738 -6.170003
11.003728 6.672774
6.307207 3.872815
8.231051 0.745145
4.731932 -2.924296
-3.027227 -7.533528
1.632675 -3.624369
-0.646625 -7.270663
3.212667 0.646812
1.221538 5.363669
-3.128514 -8.324529
9.876308 1.137925
-3.812646 -6.171911
-1.436054 -7.707481
4.141701 -0.388536
-2.462727 -7.972864
-1.920949 -3.517249
1.090323 -6.164299
3.456750 -0.886739
4.157071 2.270620
6.876077 0.888968
0.348951 -8.690756
3.359420 -0.435090
-6.487027 -3.425144
7.730754 0.299119
9.758748 0.895781
-1.622022 -7.640242
-7.775506 -6.997098
6.277017 -0.201262
-5.005092 -7.163925
-0.170784 -7.324097
8.386475 0.543824
-2.047258 -6.718914
6.989482 -0.660914
-4.008963 -12.152013
-1.878993 -4.821870
-4.544427 -10.981425
5.466053 2.559303
-0.314304 -7.630683
-1.988697 -3.733750
-6.357210 -4.989604
-0.023291 -6.651368
2.448955 -0.669957
-3.830069 -12.409349
-4.660275 -5.790100
3.618882 -1.188615
-3.493516 -7.791362
7.411485 1.992825
-3.816895 -4.175775
-4.034277 -5.396795
2.744492 0.045530
6.276320 -2.726150
-1.834269 0.817919
-0.455605 -7.545154
-7.940495 -8.778224
6.473371 2.524694
8.561454 4.248585
-4.349472 -7.504622
-0.874156 -6.332579
-2.085101 -5.988605
-4.457433 -1.373736
-2.660180 -7.505367
5.097660 -5.103845
-7.592214 -11.086736
-4.212390 -11.003814
7.573250 -0.008292
7.281879 -6.797476
3.065681 -2.931088
-5.269198 -7.633059
8.005367 -1.640089
5.081640 2.272658
0.300296 -8.960354
-0.191169 -7.023219
7.864350 0.034719
6.064108 1.252387
6.654547 2.581122
3.296021 3.382705
8.690015 1.677922
7.181186 4.417197
6.779832 -2.272501
10.062278 1.143262
6.573891 1.653223
9.939935 2.197998
-2.771801 -5.473311
-0.153796 -9.484781
-0.367521 -7.367664
-1.346356 -8.838638
-3.358503 -5.251713
6.806950 2.110986
4.978639 -0.398220
-3.843368 -8.583529
-3.924564 -5.005969
-0.274609 -4.714350
2.014683 -1.707129
5.214865 -1.785715
6.357291 -0.232593
6.471797 4.350872
-2.069230 -6.263305
3.209298 -2.071814
-1.313619 -6.645066
-2.147242 -11.537132
3.455393 0.734307
-5.090328 -8.231173
-1.700036 -8.916566
-0.770685 -9.008996
-1.888170 -5.991276
-1.857245 -6.993574
-2.526585 -5.618485
-2.144126 -7.050022
4.601540 0.934040
9.805569 0.910639
-7.459544 -7.116973
0.544016 -8.267701
-3.741364 -9.036378
-7.190614 -7.312154
4.117568 2.221775
-0.041577 -4.005408
4.539907 -3.627093
6.395051 -1.471072
2.102692 3.282923
-5.443537 -2.581202
2.576347 -0.346274
2.626469 0.434096
-4.863907 -11.209706
4.792055 -3.759039
-4.834624 -7.267722
0.222619 -6.866169
-3.332071 -7.148922
9.328394 3.259576
-0.982735 -5.052273
4.247096 -2.306969
1.966266 -5.729474
5.386910 -2.459042
-4.822392 -8.613607
4.892721 -1.909886
3.815690 2.460177
-7.686225 -8.528603
6.072476 -2.096415
-0.101666 -10.453074
5.918702 -1.474297
7.498557 2.765878
4.691434 2.574478
-1.288188 -5.837569
-3.430024 -4.394703
-3.337077 -8.934239
3.356791 -0.600759
7.395993 1.268365
5.564802 1.599743
-2.911649 -6.698461
2.745171 -4.010705
6.609165 2.456709
-3.452210 -6.444383
8.036503 3.518649
2.733556 2.215477
14.950763 3.143798
5.789241 2.941292
0.342033 -8.706579
-3.280413 -7.003602
-6.051007 -8.068216
4.942278 1.925431
-5.471586 -9.607168
-4.840897 -9.229342
1.282229 -6.645676
-1.691393 -6.206607
0.644085 -0.444442
-3.117131 -6.449254
6.069954 -2.379344
-5.734968 -6.282804
4.747120 3.167392
3.085678 1.067019
7.555242 -0.846640
-2.498803 -6.804355
-1.145939 -10.664953
0.057554 -9.702109
-6.351914 -6.795159
-2.839028 -6.409304
2.361778 -7.787494
6.137967 -0.446052
5.845889 1.037432
-3.143560 -7.193790
-2.002544 -8.436762
-3.297605 -7.020848
6.990843 4.025514
-3.564973 -4.182208
1.243853 -2.169829
-2.404374 -5.575243
4.712723 -0.726085
5.400741 -2.752256
4.937582 -1.274988
-3.456423 -5.040246
6.370702 -2.167488
-1.520430 -7.948757
5.058235 -3.919204
0.512492 -10.371686
1.513119 1.889001
-0.273794 -6.643545
2.380208 1.281234
-6.342909 -8.056144
3.577821 -0.429158
-3.416115 -5.956549
-2.177056 -6.445460
0.798514 -12.608970
-1.397258 -7.616476
4.501684 0.366535
4.422841 -3.587742
5.181050 1.843722
-3.796053 -3.916506
-1.585073 -2.944222
-0.837890 -9.358616
7.031388 -0.217301
7.244413 -4.079992
-2.508132 -7.648327
4.533774 -1.058427
4.059832 2.913402
-0.687858 -7.062121
1.048745 -6.618280
-2.827596 -3.629736
-4.174927 -6.598077
-2.544930 -5.853693
-2.983392 -6.167445
0.158610 -9.054539
2.516585 -2.205663
3.343304 -6.243924
11.708397 -1.023784
-2.263607 -9.203693
3.911512 -0.016584
-5.947325 -5.883018
7.897611 3.384817
1.545617 1.472704
7.587207 3.887561
8.563427 -1.594846
4.694966 -3.001395
2.510466 -2.725804
-1.653096 -3.554671
10.008999 0.566570
5.049027 -0.916481
-0.513676 -6.138010
-0.065247 -4.966648
1.821303 0.963250
-5.562265 -5.437731
-9.116763 -7.621176
3.605161 -1.807356
1.158976 1.988965
-0.778023 -7.277301
-1.812524 -4.383117
1.251619 -7.042965
-1.948384 -9.608133
0.906151 -8.393864
-3.281075 -7.491247
-5.991543 -2.554223
9.069760 0.076030
-0.931714 -8.273550
1.639019 -0.394428
5.827241 -1.076124
1.080955 -2.138653
-1.213242 -6.167969
4.588199 -0.701199
-3.948571 -6.896536
-2.620716 -9.107077
4.332055 -0.641344
4.266896 -0.299094
6.147576 4.887938
-3.921158 -7.085165
-1.010245 -4.620918
5.692567 -1.592741
-1.311857 -2.807204
4.002839 -5.419180
5.252842 -0.984931
7.718351 4.285468
-3.865114 -8.587125
5.749309 -2.429522
-3.159525 -7.893909
7.791892 4.002064
10.475157 -0.446497
6.094829 -3.077505
-3.131910 -3.408843
4.662179 0.411511
-3.150975 -9.294162
9.443211 0.470745
9.536415 2.516938
-2.190889 -8.852715
7.836486 0.378660
-4.174833 -9.951124
5.852364 4.379050
4.321020 -0.687338
10.332249 1.390286
-0.933869 -8.351017
-2.089243 -7.313078
-3.807692 -4.815628
-3.337234 -8.381852
3.651134 -4.760778
4.863065 3.456227
2.344528 1.965884
11.457564 -0.535063
6.085720 1.253490
-6.041076 -8.631078
5.847937 0.970654
2.376622 -2.591426
3.857605 -4.076042
3.619324 1.450873
-3.673298 -9.110782
7.858783 -0.537974
-4.632739 -5.312218
4.159103 0.452386
-2.744806 -6.540685
3.724473 0.883742
6.611401 5.496850
-2.978553 -7.088610
-5.352160 -7.329479
-2.551465 -10.176743
-8.877216 -4.927206
-3.766540 -5.098385
1.362113 -7.303886
2.792723 -2.839740
8.132692 -3.599754
6.270513 -2.493054
5.105583 6.639232
-2.263150 -8.248248
3.910101 0.836865
10.162507 -2.693132
-0.762733 1.385945
1.829425 0.060426
4.276123 -3.993112
-3.593952 -5.616753
-3.565817 -6.572467
0.651258 -0.262180
5.584618 -2.271865
9.515703 0.806183
2.633084 0.206754
-6.251801 -3.992747
5.735761 0.513582
7.279179 2.514850
7.731768 2.076220
3.792837 0.062976
4.197398 -0.274268
7.736330 -0.288972
4.418526 -2.486510
-0.072388 -4.742272
-4.606921 -11.887091
-4.847190 -4.407124
6.201612 -0.716363
-2.785575 -7.933545
-7.950071 -10.790767
5.118201 -0.073805
-6.777840 -5.352168
-3.843185 -3.952627
9.248204 5.100036
1.050208 -9.889808
7.895726 -2.233552
9.996629 1.775420
-0.757809 -8.105261
6.523926 1.716433
3.583024 -1.005798
-4.055056 -3.323906
-4.837785 -6.687666
-5.586396 -4.936079
-4.145727 -4.742143
8.501210 0.160117
-3.415151 -3.803349
3.635114 -5.477593
7.628815 1.399865
8.469162 1.063799
8.697935 -2.059979
-1.994752 -7.114668
-2.389311 -6.842736
7.318543 2.944314
0.800434 -10.499227
-3.055673 -6.463776
-5.471755 -0.979873
7.979412 2.364961
-6.790818 -8.950892
-1.646360 -8.291661
-3.092592 -4.337886
0.085606 -5.015122
8.593689 1.808287
8.104395 4.152761
-4.552090 -4.071834
8.462319 2.411133
-2.037072 -7.809922
-6.968567 -6.898998
13.047996 3.007316
-6.679914 -8.446821
-1.026125 -6.007565
-2.170492 -8.403761
7.836014 3.316937
-3.263144 -7.519289
6.697554 5.023108
-5.379531 -9.447909
-3.199644 -8.341806
0.445239 0.475523
4.873613 -3.170045
8.876842 -0.875182
-5.054555 -7.429015
4.677665 -2.351151
9.160184 3.333709
6.313702 1.685547
3.540866 -3.764442
9.335062 1.280950
-1.780741 -4.055311
-5.054705 -7.305388
8.346478 2.801262
6.602279 1.284722
6.903912 -3.335533
-9.836106 -3.359919
-5.522889 -4.903983
-4.395015 -4.630987
-3.759161 -6.503989
-2.881736 -3.968482
-0.605355 -9.996364
-2.362446 -3.949807
4.056922 -1.380030
8.794946 1.991871
7.068320 4.466412
3.816121 0.353267
9.193541 0.639238
-1.700645 -7.044050
9.790477 1.171612
1.164547 -3.909175
6.219195 0.329886
-4.624078 -8.817331
5.189741 0.892539
2.358742 4.127774
-0.460802 -7.448830
7.888644 0.234577
-3.917895 -5.964846
-5.689508 -6.331685
-7.030890 -6.680984
5.170421 -2.109499
-1.666169 -9.014385
-3.148186 -8.943148
2.257325 1.280050
-4.864188 -4.673098
1.973033 -2.952940
-2.589274 -10.456543
-1.867475 -1.915133
7.642243 2.926782
-6.753738 -4.652200
-6.666221 -3.888820
3.947176 3.173674
-2.799222 -11.275827
2.964451 0.259444
-3.648150 -6.769946
-0.040839 -5.392883
6.872558 -0.667496
8.613840 0.714777
0.513472 3.620920
3.543760 -6.029337
-2.993459 -2.144996
1.121571 -9.390390
-1.392109 -8.981672
-3.422321 -2.797127
-4.043294 -3.999465
-1.511038 -8.424437
-1.892672 -4.584251
-4.544528 -7.109152
8.863240 1.940851
-3.534323 -7.435292
2.079716 0.502669
-4.337351 -6.603595
2.345702 -2.505784
-3.666625 -4.717124
3.509338 -0.527273
-4.240439 -10.870554
10.106193 3.877156
3.440720 0.562280
7.150135 1.072122
-2.229885 -9.544603
10.771174 2.255860
-2.887099 -10.433211
-4.927188 -9.195014
-2.815383 -7.600218
2.795352 -0.645056
-1.274894 -4.733220
-1.575690 -4.869018
10.790224 -0.920070
4.983516 2.001973
-4.000254 -5.406023
-4.611640 -5.750542
4.236462 0.565899
-2.756023 -7.682264
-1.265306 -7.396443
-5.623505 -2.422653
8.881115 1.618250
-3.006525 -8.713702
2.201347 1.679525
3.189663 1.409810
7.107652 3.771785
1.705633 -0.596867
9.263866 1.289685
7.920979 -0.333314
-1.093049 -9.591215
3.231018 0.235270
4.797468 -3.717668
-4.703720 -7.098590
5.990365 0.811981
-6.001142 -5.909954
-6.556793 -10.510159
3.792985 -4.883894
6.809363 -1.659612
1.180577 -9.925220
8.763530 -0.423267
-0.579506 -6.726510
7.956354 0.352077
7.054863 1.293517
6.813594 4.390939
-1.892331 -7.428290
7.251076 -2.749850
-7.595771 -2.322630
-2.935798 -8.567279
2.578055 -2.247007
-3.370215 -6.712323
-4.616374 -7.958098
-0.465137 -5.730851
0.603383 -5.695964
1.340328 -7.188922
10.572492 3.222248
-2.092396 -5.587233
1.685499 2.871743
-1.906843 -6.083203
1.024308 -9.397860
-7.731102 -11.383350
8.218482 -0.859350
-3.847026 -7.191102
3.967585 -1.163697
6.724522 1.238304
-0.065432 -10.124828
-2.353544 -6.200226
-5.153429 -9.641291
7.276575 1.511389
2.173158 -1.783978
5.769185 -0.487372
-1.684096 -4.819808
2.912772 -1.996523
8.262548 0.183636
-0.416920 -10.720913
10.217534 2.983973
-0.439117 -10.174944
-8.958875 -8.741008
6.626126 3.423194
3.146602 -0.267817
-2.898156 -3.811062
7.630602 -2.125144
1.941168 -3.900475
-3.047380 -5.238312
4.233168 1.426552
-6.374987 -5.496129
4.453417 -2.892420
-3.544721 -7.214391
8.893371 3.869937
0.467425 -3.627132
-1.303513 -7.924602
-0.025202 1.234812
-4.593360 -7.578006
6.500059 2.722342
-5.134360 -4.572671
3.830968 5.473081
7.273911 1.088415
5.904097 0.337706
-0.116082 -7.289475
-4.760665 -9.237768
5.013022 -1.941989
0.980199 -3.394262
-3.538986 -8.225871
8.940355 3.903271
-4.241800 -4.416592
8.703962 1.234220
7.277133 -0.056733
10.250868 1.639156
4.684692 2.642158
-4.574066 -3.623058
-3.461714 -11.365579
-6.845409 -7.614681
6.935026 -0.101292
8.746390 -1.047024
4.224942 -1.961131
-3.896761 -5.985553
-3.447316 -7.909418
7.101729 2.132995
-2.546655 -11.670904
8.896892 2.097838
-2.179928 2.336648
-1.010722 -8.517958
-3.028544 -6.876624
0.634684 -7.052770
0.824464 -7.050079
4.523277 -1.344865
-5.203184 -7.786658
7.623528 3.539512
-3.839378 -7.872908
4.842721 4.438870
3.282550 -0.393545
4.453900 -2.371742
8.469143 2.403864
-4.700457 -10.522935
5.554064 0.450501
-5.855765 -9.577795
-4.417601 -5.485140
2.631762 -5.540483
7.580233 2.552116
1.529637 -10.242852
-3.649787 -4.849390
4.265773 1.303845
9.048238 5.379481
6.829989 4.792761
4.078249 -2.722704
5.477160 3.329671
-0.414052 -7.762433
7.450179 -2.657068
1.585691 -2.248231
-0.584670 -10.477252
-6.265651 -3.693963
-2.042015 -11.322483
4.278193 -1.956498
5.372761 -3.432111
5.286459 1.227065
6.912461 2.062995
3.361462 4.485081
8.520153 0.841045
6.800780 1.951523
-2.653175 -6.259681
-3.717039 -5.463989
-5.247680 -8.751341
8.352217 2.819248
-4.110481 -5.040122
8.201947 2.456492
4.033138 0.413161
-4.081886 -5.085652
-3.449422 -4.237382
-3.160130 -5.638939
-5.301185 -6.248306
-4.049461 -9.934456
-2.412498 -9.260982
8.191924 -2.249140
-0.950004 -3.495859
3.893293 1.106014
2.874090 -3.089245
1.949994 0.430226
-1.795612 -4.135192
4.497965 1.675342
-1.273510 -9.328058
6.374374 0.588469
3.537996 -2.481454
0.751947 -3.908381
-2.078266 -4.642791
3.630483 1.105125
6.313825 2.221061
4.677374 -1.926345
-3.823552 -5.060553
-2.110823 -8.492117
0.197429 -8.656403
-4.707801 -7.366358
0.433693 -9.522729
2.489213 1.102874
-3.418269 -6.441037
3.271068 -0.568670
3.501642 -2.298076
-2.631903 -5.635800
-0.738946 -9.012866
1.745472 -1.783990
-7.441036 -6.345441
-3.488332 -6.187924
-3.553594 -8.484209
3.298871 0.900928
0.980906 -0.913847
-5.274320 -8.439439
7.517329 0.520046
-4.727863 -4.521622
0.147333 -1.658846
-6.770338 -6.291688
11.504130 0.610693
-5.148813 -8.630663
-1.563428 -3.699795
7.372467 2.580811
-9.425360 -4.062039
1.515724 2.137216
-5.144274 -6.308672
2.530248 -0.573953
-3.600826 -5.346564
-7.377128 -6.510643
8.813693 -3.195497
-3.653949 -10.650785
-2.026245 -8.874232
1.972381 -4.553823
11.482625 2.260010
-5.120034 -2.279023
4.881706 -4.218204
-2.490722 -7.830942
-2.237874 -8.649330
5.561014 1.180915
-3.567089 -6.385423
6.199037 1.307146
4.540806 -2.445469
2.177435 2.051513
6.209022 5.679414
9.372848 1.451602
3.865295 -1.067158
-1.964314 -11.221587
5.444746 4.773420
7.065147 0.561849
10.481704 2.791029
-8.363055 -5.339068
0.497789 -4.545679
-0.783107 0.879921
-2.661115 -9.191872
1.137705 -0.552015
-4.184609 -6.814684
-3.443300 -4.813862
-1.937535 -7.500337
-1.818967 -7.011601
2.185670 1.323831
-0.660172 -5.845997
4.130816 -1.840430
-2.443769 -8.932853
-3.453980 -9.914354
10.617824 2.422122
-4.553895 -8.167004
10.200451 1.744147
-1.257805 -7.676439
5.715279 -0.347409
-1.861793 -5.730103
5.750110 -0.146070
2.955032 -4.913916
-3.912326 -7.298452
7.982184 1.693965
-1.702695 -3.341646
-5.365167 -4.543098
-7.321205 -6.228390
-0.942493 -8.742060
-3.494439 -7.135668
4.242648 1.830590
4.542684 -3.076462
4.448910 -6.225245
6.985660 3.541411
3.584634 0.098437
-1.730555 -7.201396
-4.400282 -6.353983
-0.823008 -8.640556
-0.602225 -9.298039
2.504697 -1.016327
9.494772 0.353971
-7.431806 -4.726490
9.516128 7.318563
7.233095 5.580675
6.078335 -2.580413
6.440616 -1.081758
-1.120175 -8.764336
4.173622 -3.136670
1.706858 -0.070497
-5.114207 -5.116153
7.609273 5.682355
5.569504 1.221243
-3.270620 -7.861950
4.872688 -4.091794
3.440132 0.648140
-5.009600 -7.492141
-5.486831 -4.369655
-1.900464 -8.785312
2.787589 -1.205291
-3.182224 -5.273641
-3.678789 -6.273521
1.706981 -0.596668
-2.586115 -6.867169
-2.113697 -7.097960
-1.427415 -8.965046
8.131738 0.639634
-0.211661 -3.961448
6.601311 -2.108997
-6.069615 -5.695871
2.880285 -7.935584
9.010702 -0.422700
4.668351 5.108086
4.017942 -2.550886
2.210622 1.529973
5.027334 -1.759845
4.144419 -1.606792
5.523654 -0.528198
-0.258301 0.195868
5.311787 -0.415378
2.825929 2.976074
-7.170916 -8.225889
8.255524 1.090417
8.853370 2.868784
9.343739 5.380103
-4.004749 -9.991293
1.480369 -0.957175
-1.162256 -5.802234
